4133 4955
3098 3419 577055740
2086 2158 438236016
2086 2210 141950246
533 640 166811241
533 906 633901633
533 808 665958920
533 706 613400892
2086 2264 871344369
533 1024 193532534
533 1128 838191729
533 1095 854390601
533 636 712371119
533 1140 652999670
533 995 726854760
533 538 304552362
533 972 454993514
2086 2241 594519297
533 960 442044101
2086 2127 398395252
533 886 758842666
533 739 208876438
533 1181 960947318
3098 3257 266282592
533 884 491293878
533 1125 822761983
533 1006 610116289
533 976 466800279
533 1092 954989149
533 872 758708009
533 845 330276808
533 796 804080976
533 702 390616740
2086 2269 193807752
533 880 623579688
533 1104 385130021
533 863 392630487
533 770 374810023
533 953 108814344
2086 2513 62412019
2086 2458 537301970
533 927 778984083
533 1189 48759705
533 894 209827754
533 633 833898100
3098 3406 643720188
533 1102 873168295
533 782 447451240
533 1103 66404835
2086 2254 268249026
533 897 738876504
533 615 816231299
533 965 697110313
533 826 232541688
533 1009 984488292
533 709 660793806
533 550 775463487
2086 2219 433463349
533 924 43403628
533 1048 227965351
533 698 401127047
533 691 149492050
533 978 573662662
533 935 157846393
533 641 77539319
533 1091 55698949
533 960 102592282
533 1063 867960662
533 868 64008081
533 1024 613808099
533 1074 906649376
533 1117 174086052
533 698 252382145
533 574 997310229
3098 3536 105363219
533 544 651031245
533 618 151862780
533 953 493375406
533 1155 322088272
533 668 159550181
533 732 745203608
533 907 842009537
533 1167 524233278
3098 3630 451687581
533 1162 676987641
533 975 344879575
533 892 422575633
533 625 706674085
533 909 784078043
533 1013 384149539
533 828 642280337
533 574 335220547
533 943 887275258
2086 2285 206252227
2086 2668 810970037
533 651 47230583
533 1020 7209482
533 723 581442340
533 569 241123974
533 874 510950053
533 1099 349791109
533 1107 572580368
533 1100 677893462
533 1103 199196820
533 982 407633835
2086 2226 108427487
533 553 452158132
533 672 361517197
533 1125 665000650
2086 2154 752856001
2086 2472 345984061
533 612 369760505
533 1038 693638114
533 916 783366241
533 1017 629848958
533 659 251361332
3098 3335 625583426
533 1172 159629359
533 1021 810299701
533 1098 814196874
533 714 380120398
533 1083 414655022
533 921 331293139
533 1025 366574551
533 712 485834406
533 723 128536561
533 999 196735774
533 1080 579531198
533 940 796670609
533 644 853897251
533 695 933456404
533 1012 925531409
3098 3684 61374516
533 918 748487452
533 807 189260425
533 725 202566083
533 997 309127441
533 1113 323106302
533 982 447246261
533 1046 193862836
533 542 61837318
533 732 542342608
533 752 662845112
533 913 430802909
533 873 660251258
533 1002 958745028
533 986 975078535
533 709 4539268
533 862 450202894
533 603 50757381
3098 3305 759900173
3098 3737 771688248
533 911 804494963
533 870 432010433
533 905 118522795
533 881 108095944
533 583 375514530
533 789 258428329
3098 3194 389585521
533 1027 184449759
533 739 819000983
2086 2271 453031859
533 636 986424799
533 950 638486411
533 1123 530126745
533 594 437537012
533 534 811908421
533 593 221336759
533 887 408548555
533 887 375019217
2086 2571 300990367
533 856 547755900
533 1185 754282952
533 809 140551761
533 601 507214702
533 1076 668236689
533 1110 626741284
533 607 636677778
2086 2431 79228380
533 783 685375382
533 540 409610600
533 963 294363342
533 917 437826230
2086 2381 581396053
533 1088 404521169
533 1073 527031787
3098 3491 47884532
533 621 387121791
533 847 100166178
533 1209 497333977
533 1020 567234546
533 1128 551197925
533 844 668474400
533 987 510599065
533 1093 386683837
533 651 612041181
533 536 49713410
533 1158 15267586
533 647 906686869
533 1004 970800689
533 1204 137094676
2086 2182 337822268
533 985 333515180
2086 2241 903240346
533 1059 104491413
533 900 545731239
533 960 633293153
533 1064 827971208
533 862 717804794
2086 2424 468825142
2086 2624 723448288
533 539 559610397
2086 2122 623007508
3098 3352 774196982
2086 2394 994542180
533 1110 140313493
533 1185 806814755
533 1048 295614805
533 767 118559345
3098 3578 430972839
533 648 296030529
2086 2393 671811372
3098 3252 826764673
533 565 431147559
533 599 274242499
533 1086 976456018
533 615 692100000
533 622 601675495
533 583 939217098
533 716 685849313
533 946 26803349
2086 2532 710640582
533 727 741340198
533 1097 705607368
533 701 517759605
3098 3607 952472925
533 763 146495428
533 1151 745809546
533 831 107036776
2086 2555 721913500
533 1085 676472998
533 842 634996795
533 684 557130428
533 880 553805117
533 1089 819816963
533 992 201055657
3098 3369 386512210
533 866 650617092
533 703 473571910
2086 2549 158739568
533 671 36459934
2086 2440 657733316
533 1183 183942005
2086 2523 15644008
533 608 911300834
533 682 91992785
3098 3708 164996505
533 717 670048995
2086 2402 83762491
533 615 726159426
533 717 820666734
533 994 728514461
533 1178 778301250
533 732 123561477
533 717 539727459
533 611 455092103
3098 3242 584421297
533 1012 479596398
3098 3410 536212305
533 930 533713821
2086 2174 325897934
533 1194 51003197
533 570 498797195
533 931 616434186
533 1082 925366568
533 965 694050627
533 870 423476794
533 637 865609872
533 736 26833885
3098 3283 524607675
533 551 288627038
3098 3434 317157404
3098 3179 201915412
533 1038 615439052
2086 2629 456412723
533 818 150906689
533 814 796283314
2086 2088 134283157
533 922 715826562
533 1172 107828403
533 1093 885030828
533 675 202647760
533 692 556959848
533 1194 222570626
533 1066 390289373
533 1202 613868724
2086 2509 490253824
533 1192 406182592
533 536 922099852
533 988 251493260
533 1028 842457648
533 881 411179514
533 744 285819880
533 808 651455655
533 972 157417732
533 921 849855351
2086 2174 688759757
2086 2160 305267184
533 1112 219339185
2086 2549 799969728
533 668 557399201
533 1104 65875644
533 937 253321951
533 1115 452521270
533 933 541025590
533 1031 755676219
533 661 960407848
533 1071 195536939
2086 2153 980639164
533 546 334181143
533 625 648888693
533 914 388991465
2086 2445 290050006
533 1035 177097220
533 921 355736082
533 675 293688988
533 768 271155915
533 1207 24565445
533 934 457201664
533 899 364215289
533 956 426614824
533 605 237005706
533 659 602264075
2086 2552 917197287
533 829 520043855
533 1135 1994936
533 1003 800665361
2086 2626 260560615
533 1069 963477141
533 835 535516304
533 869 479985830
533 1101 795708055
533 1185 966141008
2086 2680 16022407
533 878 950847521
533 546 843910130
533 619 102122612
2086 2412 376344491
2086 2239 858742694
533 643 333637577
533 970 337015752
533 1194 387734723
533 1201 522881999
533 758 222626982
533 696 430448820
533 847 810908172
533 816 461499428
533 583 287929687
3098 3403 262608805
533 675 840506448
533 588 107411683
533 965 6230567
533 680 192781484
533 558 567497001
2086 2403 317885439
533 882 395505110
2086 2605 212509879
533 1172 593667020
533 757 381243609
533 1147 7122402
533 962 429430858
533 607 648250235
533 1071 583098410
533 561 436316611
3098 3542 945008233
533 588 56854780
533 1165 842157759
2086 2342 60073425
533 900 334105707
533 1136 782683789
533 889 992913676
533 1114 413226681
533 1020 488003786
533 630 76870266
533 581 43504877
2086 2571 444866358
533 668 680404067
2086 2631 84018138
533 550 305725490
2086 2118 880867360
533 1003 549160850
533 768 427515354
533 806 870240651
3098 3109 595535520
533 1111 672186351
533 663 356860575
2086 2116 943608017
533 624 93371683
533 904 77162787
533 688 801248955
533 844 790881517
533 1049 991586834
533 972 508402967
3098 3200 390359328
533 718 473931942
533 1107 989412105
533 554 492528772
533 1140 436733454
533 869 932251406
533 601 571791444
533 553 369623651
2086 2328 116522186
533 610 119558164
533 611 877248712
2086 2202 601880708
533 1089 146626206
533 1193 772875653
3098 3488 982621438
533 650 191577133
2086 2487 318257225
533 1048 391308492
533 631 836702712
533 728 512008332
2086 2604 231975299
3098 3663 875985661
533 729 484859895
533 1151 103662868
533 685 549157425
533 718 679860032
533 719 343316783
533 727 724475386
533 557 887382013
2086 2264 702906665
2086 2402 305392797
533 831 636497226
533 836 75696143
2086 2516 550247308
2086 2222 550699052
533 876 820979157
533 1057 436410126
2086 2539 57685791
533 1114 534915364
533 1154 701076197
533 1156 193106812
533 597 945512574
533 1130 129441206
3098 3493 111065222
533 1034 934400518
533 645 230771059
2086 2447 839567155
533 1125 996372750
533 997 316629418
533 899 327950011
533 1130 121163590
2086 2604 230432330
533 845 879401973
2086 2491 380407939
533 852 296686901
533 1041 187026556
533 913 389990695
533 608 47762177
533 807 13516983
533 1055 410908266
3098 3712 131056227
533 1198 481028588
533 908 380838074
533 1120 262354540
533 794 800574131
2086 2317 339785888
533 1091 612917581
533 937 538845002
533 1181 151909480
3098 3145 484764660
533 979 636318980
533 860 692096793
533 948 368958300
2086 2567 965284991
533 1050 229282605
533 810 839105082
533 760 323815981
533 780 632192708
533 931 785387682
2086 2343 930126267
533 640 430471020
533 993 510878669
533 836 181560557
533 606 681275232
533 1082 790990528
533 954 300615797
533 1127 941518243
3098 3744 617369661
533 670 702123348
533 978 7604980
533 661 292631447
533 1132 743483475
533 562 338026534
3098 3223 107184503
533 539 40125902
533 861 912042553
533 1136 281148819
533 1017 571257670
533 867 10517794
533 621 757125752
2086 2332 927976108
533 1042 667209030
533 1170 27750532
533 847 685692012
533 1046 185769918
533 1186 333793484
533 649 617009207
533 689 326688679
533 970 629908396
2086 2434 293339607
533 1044 428973656
533 806 185521934
3098 3479 347450472
533 977 422399170
533 961 959160319
533 613 372751884
533 562 608896243
533 1207 476490915
533 688 808490071
533 1018 95575131
3098 3567 23083221
533 587 258960112
2086 2581 774927385
533 865 80323271
533 642 821619862
533 1195 574473121
3098 3398 840105738
533 1190 31861569
533 819 190520101
2086 2395 834125889
2086 2240 644066730
533 1148 356339445
3098 3713 942142879
533 1202 387292269
533 1208 424632453
3098 3736 296013017
533 1125 827250838
533 867 81984964
533 618 29389883
533 589 424457499
533 914 453160448
533 863 936651293
3098 3214 548726259
533 978 278623023
533 689 975903548
533 732 243100895
533 902 400240785
533 842 937669523
2086 2177 625684981
533 1051 336613102
533 656 228876816
2086 2668 478620665
533 540 767012743
3098 3159 599213367
533 1207 587922790
533 1140 178380581
533 1205 261764527
533 726 42565826
2086 2157 11431365
533 656 826775824
533 837 706378021
533 749 351107371
533 945 566888503
3098 3676 732897379
533 766 55136580
533 895 608885394
533 830 986309444
2086 2249 444864376
533 884 622598538
533 699 820764823
533 770 25462445
533 999 446530368
533 1161 996013870
533 706 641490080
533 637 719107096
533 1074 639283123
533 626 2456505
2086 2172 966687713
533 820 840380376
533 547 997785494
533 851 896899507
533 958 551768838
2086 2245 197099213
3098 3321 535698765
2086 2435 563129815
2086 2185 435778617
533 695 939855813
533 790 896481666
533 632 589272545
3098 3298 85922684
533 918 951552062
533 643 299422731
533 1123 129582183
533 1138 769331054
533 857 952193757
3098 3500 635768747
533 866 996508482
533 618 792855743
2086 2448 78400919
533 830 87980299
533 703 765851045
533 922 143475425
3098 3287 489976610
533 689 628714979
533 1031 88567861
533 1066 481748831
533 1008 746980677
533 942 835113847
533 1085 703351370
2086 2517 479099487
533 758 818277837
533 877 574431070
533 1207 832836260
533 640 516238943
533 894 335922733
533 568 624043511
2086 2454 652653875
533 730 342164276
533 1012 408233999
533 924 164999112
533 826 238108469
3098 3507 895135415
533 1185 676619138
533 937 433974500
533 851 537795242
533 1013 861650963
533 590 53266087
2086 2593 444838228
533 594 834195902
533 845 217807598
533 548 423150377
533 900 19588675
533 716 767279568
533 603 450558721
533 1197 869659319
533 635 168103584
533 953 5823241
533 734 211356348
533 679 311902856
533 725 669661835
2086 2550 280042476
533 925 960343456
533 1141 913199083
533 714 550590184
533 539 6072261
3098 3374 767053598
533 1024 422752952
533 1108 19536565
533 703 966238007
533 764 564194986
533 1119 64494314
533 799 720825917
533 927 741584523
533 889 197653136
533 1135 246796645
533 1091 648126324
533 888 300480550
533 881 811800009
2086 2273 618870898
533 681 141468783
533 873 930331936
2086 2127 869863900
533 948 305362142
533 1055 41964506
533 1125 969847176
533 578 433360034
533 1109 715358289
533 911 348658395
2086 2203 871439267
533 1100 379872315
533 650 929501765
533 1096 726072897
2086 2227 93143188
533 577 893394694
2086 2470 500210970
2086 2545 609600527
533 1173 259013026
533 1112 73432763
533 695 688418136
533 821 617906497
2086 2486 316722168
533 904 150297330
533 1066 595964252
533 938 942858920
533 753 769958054
533 547 609579563
533 1173 220133427
3098 3404 949458835
533 648 691523263
533 639 471324311
3098 3215 427813864
533 1047 700714089
533 927 401853892
533 865 290691267
533 1106 949617562
533 761 437436177
533 928 358792217
3098 3400 848086500
2086 2273 163905908
533 606 518734207
533 1199 994093452
533 884 831986640
533 665 499834628
533 660 222378255
533 976 812019418
533 993 428687348
533 824 202961350
533 1085 880170827
533 888 965444426
533 1156 315593027
533 578 756391304
2086 2311 180629946
533 883 966070183
533 1004 374400312
2086 2332 938573822
3098 3506 640143877
533 1094 261886998
533 910 813278525
3098 3706 269477555
533 756 615866393
533 1131 378935555
533 651 474620134
533 797 916520985
2086 2498 144006174
2086 2641 948942920
533 824 856302771
533 1068 625070736
533 754 394157929
533 616 263530514
3098 3332 536041376
2086 2307 789416515
533 1186 810102424
533 1109 854789884
3098 3282 726016553
3098 3669 786646519
533 836 935402441
2086 2479 75415466
533 773 804214627
533 1151 191816830
533 1172 891727551
533 777 655140322
533 693 794718989
3098 3565 109127022
533 1127 285712941
533 867 983335019
533 1089 631535440
3098 3426 275689445
533 1024 39886888
533 577 623539688
533 835 563437823
2086 2426 463264432
533 1012 20076089
533 742 234182774
533 1049 468777304
533 1101 784552961
533 990 888084434
533 949 811363678
533 642 940290548
533 906 609557254
3098 3362 948376980
2086 2406 879749624
533 572 916906687
533 759 871599463
2086 2364 903123303
533 688 645886993
3098 3721 222362139
533 767 945117772
533 1124 923812799
533 1078 581683332
533 1079 571234853
533 861 7417934
533 704 738624540
533 780 700060109
533 886 845108455
533 967 481422244
533 944 2375517
533 583 253763579
3098 3637 300135696
3098 3628 942940624
2086 2229 401424071
2086 2509 706022848
533 830 901631097
533 770 742561270
533 1178 281347868
533 720 339346533
533 1163 154455470
533 864 847468755
533 814 843916865
2086 2380 424821642
533 1204 964664968
533 786 601578373
2086 2559 986041924
533 920 75237019
533 701 295178164
2086 2286 323791300
2086 2158 365331789
533 949 287152870
533 1084 202821899
533 575 755020520
2086 2090 592290584
2086 2335 566991839
533 786 816430459
533 929 753073685
533 1046 976640696
533 1060 249784076
533 964 26986856
533 676 666040787
533 929 264734493
533 1053 949198160
533 778 106930224
533 943 491994853
533 682 795760085
2086 2577 862084842
533 1003 381008539
533 896 820673000
533 955 927719988
3098 3208 678060240
2086 2189 796642999
533 801 503813118
533 917 255479802
533 900 109475774
3098 3478 687704124
2086 2496 937260672
3098 3434 255250130
533 605 903752569
533 988 795701099
533 1191 252100347
533 941 726959700
533 811 603207117
2086 2514 133405991
533 1191 230450959
533 1141 58570010
533 534 407936826
533 612 937979139
533 1175 698625920
533 1093 859186541
533 1091 401689091
2086 2487 690445326
533 948 561740137
533 940 379016407
533 1172 923333862
533 1125 874341430
533 572 524189685
533 636 525578095
533 739 578858247
2086 2127 310048911
533 880 446339062
533 837 358393753
2086 2222 355748660
533 680 918764021
533 1091 540019259
533 855 757667424
533 884 247284710
2086 2379 405903672
533 723 188423723
533 1032 705809498
533 536 871932029
533 1040 49782746
533 1196 446254130
533 569 534896402
533 959 295103427
533 1101 83986333
2086 2622 732174280
533 780 691147307
2086 2334 31599467
533 1007 677765623
533 719 834517846
533 802 904717318
3098 3363 609686166
533 1206 98287854
2086 2140 245017254
3098 3184 199488661
533 845 18659442
533 1081 469765187
533 1132 911371972
2086 2630 178767064
2086 2677 931144302
533 619 930802431
533 671 56279728
533 679 613876400
533 867 853357445
533 924 293493235
3098 3211 580999849
533 747 555718949
533 648 416568710
533 1158 147382830
533 745 926399939
3098 3683 720142261
533 998 810777407
533 929 899247658
533 838 467128670
533 915 350156192
533 970 464743525
533 1208 439826905
533 1106 561470088
533 1093 463740394
533 616 824145505
533 1120 60244822
533 655 386146036
533 783 385021634
3098 3693 654876855
533 1163 580084453
533 774 557495030
533 876 478153767
533 656 821165417
533 1053 376585468
533 930 104997677
533 854 727948388
533 750 311766544
533 1132 177017791
533 769 839780540
533 599 713060355
533 1121 733014057
533 841 949937962
533 844 876770667
533 686 730570598
3098 3443 731892588
533 792 920656832
533 572 76374730
198 1319 608362617
2086 2533 116554631
533 897 848111468
533 1043 504367725
533 902 541161389
533 860 638777361
533 644 662803087
533 709 143793774
533 827 937105654
533 1039 527678335
533 905 449256607
533 535 372542379
533 718 544112832
533 994 927841306
3098 3132 727901864
3098 3316 219874066
533 1036 904262778
533 831 584229689
533 825 670851427
533 596 555950638
533 1026 503062611
533 1112 899984313
533 607 914438817
533 800 506669401
2086 2214 523135130
533 1053 947735195
533 787 324588595
533 893 794255677
533 676 41283110
533 746 335833422
533 581 905993331
533 893 825453574
533 1040 398730131
3098 3733 607850146
2086 2227 95708623
533 818 291659561
533 847 770699240
533 1036 935846615
533 855 42388677
533 742 820669144
533 1151 748127900
533 1108 239198867
533 1021 315004904
533 618 870455067
533 1052 788606144
3098 3643 795193193
533 1019 707729608
533 832 760694181
533 975 155128824
533 737 784240525
533 776 455319755
533 1169 682659617
3098 3200 742094717
533 781 632792056
533 1135 749528561
533 1051 641223195
533 758 28374353
533 711 231102442
533 1016 796126498
533 1066 753419761
533 1081 335631920
533 689 861880614
533 534 350601661
533 694 962812554
533 603 762261081
533 889 760457215
3098 3389 775000917
2086 2407 51030056
533 1084 134967943
3098 3497 778304566
533 930 481485954
533 1127 942825362
533 864 420554133
533 1140 136873139
533 916 796146043
2086 2435 633844971
533 634 510146742
533 599 80731661
533 762 350316713
533 583 640483478
533 732 292774909
533 807 130989821
2086 2601 140811006
533 693 667669946
533 663 344437763
533 556 686428512
533 752 606726016
533 890 9363676
533 800 51555989
2086 2126 609425130
533 738 798239546
3098 3172 507244934
533 670 357995081
533 943 407927449
533 684 801318599
533 1054 138393812
533 707 521769982
3098 3154 712253378
533 1121 181365367
2086 2317 846772730
533 819 524754022
2086 2539 822026579
533 730 87084894
533 892 9539621
533 900 425945641
3098 3184 283271706
533 963 893598097
533 1146 849890174
533 867 244689293
3098 3404 390784448
3098 3313 462621149
533 965 905405793
533 822 36002882
3098 3254 428672173
533 638 927002898
3098 3198 926093906
533 641 510362311
533 772 982551384
2086 2332 234939586
2086 2180 578100812
533 1039 338190822
533 621 244966768
533 775 896055737
533 1092 761045719
533 905 80548430
533 741 747932556
533 1004 48582464
533 1129 934359531
2086 2379 566938434
533 764 765159406
533 1145 772360696
533 737 147344478
533 737 229960603
533 616 32795889
533 987 659636794
533 596 246214398
533 560 622509359
533 727 911989002
533 772 785756374
533 797 202987910
533 609 306023383
2086 2327 462525671
533 1092 820922713
533 840 795726029
533 855 735712973
3098 3273 10362405
533 1116 797371828
533 933 351444159
533 623 322999719
533 601 727705791
533 600 337452111
533 1177 59935428
2086 2420 777015120
3098 3588 689339757
533 1077 177681297
533 1083 216189998
533 879 825591775
2086 2575 82757310
533 826 790431901
533 982 572105908
3098 3491 611246560
533 1097 192068460
533 1035 127620638
533 1127 484804564
2086 2590 274316010
533 1176 716628108
533 997 708909165
2086 2470 615225220
533 640 534748287
533 584 709381702
533 1194 755906993
533 605 270408629
533 1077 49877070
533 547 597383928
533 677 597919907
2086 2243 339644530
533 1178 965737960
533 598 451815765
533 711 739701890
533 791 934769167
2086 2431 625828765
533 1171 539841712
533 784 247935944
533 1084 856424492
533 898 95926483
533 676 730656196
533 662 213430118
533 905 158270290
533 933 540060901
533 948 400921444
533 1132 639586332
533 567 356145561
533 922 619750277
533 711 548880827
533 1050 610800087
533 949 900243582
533 565 754870818
533 815 450316888
533 942 14963910
2086 2470 775031680
533 1114 134778692
3098 3202 796558349
533 720 634896533
533 1139 384891307
533 845 214470638
3098 3431 73844768
533 1176 17957758
533 901 193950512
533 1122 1632648
2086 2513 442382486
533 1204 617736459
533 1187 132270490
3098 3713 376996690
533 844 195671038
533 1193 52113865
533 548 275919183
533 717 124365151
533 654 547856058
533 900 819005634
533 766 174425590
533 1050 402029695
2086 2602 366760243
533 574 567703988
2086 2613 250021394
533 975 93832135
533 1100 6637140
533 605 659428617
533 1118 206551320
533 1025 603605589
533 1087 573731795
533 1188 682195370
3098 3566 791290389
533 593 651720679
533 551 706464681
533 951 432196905
533 645 743619143
533 859 691046026
533 999 325892893
533 1175 792174307
533 863 787723722
533 1146 547503674
533 774 722170367
533 948 240091930
533 1068 778514502
3098 3472 372980868
2086 2483 327465277
533 630 575660208
533 579 905410601
3098 3435 364133337
533 979 96797489
533 688 320503291
533 599 746652346
533 691 570421020
533 785 492436767
533 595 816696103
533 851 389507037
533 982 598042751
533 964 429524375
2086 2383 694988954
533 549 788076535
533 549 733077099
533 704 50992927
2086 2117 456870511
533 1079 358185837
533 629 380604739
2086 2499 616088059
2086 2605 960786589
533 924 723688791
533 694 294496024
3098 3370 773568086
533 907 677319399
533 859 957933514
533 1114 153760746
533 776 166494889
533 669 135182796
3098 3309 603585451
533 729 716529185
533 572 136420428
533 770 195118796
533 1198 798357037
533 765 542323103
533 755 131274946
533 602 413554438
2086 2271 51325876
533 1130 464638151
2086 2250 321045848
533 935 56873760
533 1207 54130451
533 1093 614116673
533 729 684659425
533 938 863187160
533 950 374628552
3098 3292 767616822
533 963 861186330
533 667 338930918
533 943 467457746
533 1157 181047051
533 767 607086339
3098 3720 310681712
533 1036 123690779
533 589 93874586
2086 2139 177870739
533 619 980283753
533 1015 953593167
533 1083 903374419
533 1142 419284312
533 722 49920236
533 1202 217749210
533 956 511232406
533 832 646717417
533 764 652730977
533 952 232790785
533 956 428592126
533 1029 337063408
533 788 660589126
3098 3698 14136875
533 568 903558468
533 894 716725763
533 1181 577793605
533 964 629812509
533 1135 111668998
533 1107 417276591
533 590 678576059
533 1107 879385231
3098 3114 809131505
533 572 736458097
533 562 585705931
533 1040 250276112
533 547 573150001
533 916 889094506
533 634 808369329
533 1083 32774558
3098 3335 924955391
533 1039 276798984
2086 2334 331621201
533 1173 475407820
533 690 707981293
533 1128 236649520
533 715 620135481
533 643 287987830
533 1082 613921235
533 675 382128155
533 614 369212746
2086 2134 519535004
533 1165 132866741
533 665 397262132
533 1068 141540481
3098 3167 16397233
533 987 436985525
2086 2236 10133417
2086 2660 523443597
533 1159 719593792
533 945 675451839
533 1156 69177894
533 698 155556059
3098 3727 189212011
533 1180 163046843
533 1074 756556306
533 886 685124462
533 1049 122193523
533 923 732285246
533 761 409416620
2086 2466 825855162
533 1125 20268699
533 997 630426471
2086 2272 589231412
2086 2358 657619497
533 745 280976542
533 1159 146431790
533 882 287708145
533 695 177148517
533 918 833633822
3098 3261 744939409
3098 3729 499432616
3098 3294 195252915
533 1140 119441420
533 582 983349849
533 588 872480830
533 1090 280017495
2086 2171 515212810
533 939 407482564
533 907 632041551
533 1128 465275381
533 653 965836997
533 761 330515677
533 1060 664888653
533 763 621657557
2086 2376 495889175
533 769 379454959
533 822 354109094
533 949 903418817
3098 3331 538315501
533 585 337747102
533 670 95858108
533 632 196194651
533 627 687676783
533 1039 979116637
533 717 567693646
533 1107 465243912
533 901 110083627
533 686 359682740
533 859 542419416
533 922 849381942
533 694 425769391
533 1189 14586945
533 824 795676048
533 873 319358914
533 718 21794232
533 606 32514723
533 818 502807239
533 848 847693851
2086 2166 196249729
533 572 240753113
533 911 519632203
533 888 254987635
533 1132 821250
533 773 741328029
533 589 629099138
2086 2487 844604388
533 1086 539490046
3098 3133 1960435
2086 2097 301262844
3098 3317 131876031
533 877 450986383
533 746 911506211
533 758 765095643
533 624 97241884
533 642 704555567
2086 2248 937026969
533 1100 656157257
533 863 860993805
533 794 33150997
533 664 110973126
2086 2227 894548227
533 657 872891902
533 919 62434618
533 1180 857045487
533 707 265538670
533 1089 964883742
533 829 706073765
533 881 632439844
533 909 529348065
533 767 772868698
533 1092 936107236
533 826 732027236
533 968 847151389
533 599 134493657
533 852 338700708
2086 2282 858802783
533 681 885965502
3098 3563 228919510
533 906 915249385
533 803 400586736
533 858 663860911
533 1059 618340131
533 818 546741987
533 1118 8210415
533 1100 579621533
533 1139 592173025
533 1108 550578947
533 786 830324623
533 847 843462492
533 798 890778934
533 821 381393773
2086 2289 943402298
533 936 567032152
533 907 970467
533 866 663559756
533 800 497248477
533 655 693873490
3098 3573 84829066
533 936 614778043
533 1197 965217999
533 662 204934683
2086 2373 759245407
533 759 241807219
533 712 343311501
533 1048 340445233
2086 2308 623525927
533 901 837794698
3098 3534 576305329
533 1181 653795925
533 587 586570001
533 547 700949501
533 1194 458289050
3098 3125 961255584
533 609 500321077
2086 2663 736943084
3098 3137 275443588
3098 3570 175100526
533 1099 790321181
3098 3405 257349940
533 1110 837821252
533 676 389556419
533 1087 445611028
533 941 993513333
533 876 11307666
3098 3340 286389557
533 1098 174318414
533 828 188136937
3098 3200 433311558
2086 2672 575171670
533 775 316122336
533 557 163466266
533 601 970568058
2086 2183 555533118
533 852 684065117
533 809 43329079
533 1168 600559162
533 970 695149446
533 568 224201961
533 822 161292548
533 733 462148685
533 680 80534518
533 768 703091726
533 866 827499382
533 883 35255993
533 802 221497896
533 1003 116235395
533 744 311172887
3098 3544 342356182
533 1201 96963613
2086 2523 307813627
533 1074 54436088
533 1135 460636090
533 982 557135128
3098 3675 828689603
533 659 142714218
533 1006 154782559
533 681 825223052
533 1039 85067846
533 730 368377899
533 1154 999610938
533 722 58605775
533 579 936364250
533 605 900749533
533 1098 1509035
533 653 88001793
533 758 124166645
533 1063 408341845
2086 2526 391614638
533 563 294306363
533 797 891796024
3098 3419 318749653
533 773 103163468
533 537 153043450
533 844 49018674
533 1044 641957564
533 749 100198830
533 719 514034910
533 568 800296355
533 1177 404337287
3098 3631 917451636
533 667 845357258
533 556 160015774
533 593 750945438
2086 2668 443626097
533 1063 850898381
533 630 596429002
533 828 934661910
2086 2251 44766925
533 1097 830690768
533 864 732415692
533 546 800435526
533 623 713488710
533 1199 770247162
533 1153 929689354
533 1144 73761611
3098 3549 238903752
533 916 96229309
533 653 250405234
2086 2197 394279891
533 815 449177608
533 992 433554938
533 610 216495549
533 560 804594544
533 698 876220205
533 793 37907531
533 937 903939290
533 731 746971234
533 742 383797582
533 727 506426605
533 819 705219656
533 1181 660186467
533 959 938930093
533 910 347351977
533 1111 862328269
533 554 217369874
533 548 588779020
533 1189 164093930
533 711 23164503
533 642 841689733
533 1015 253426668
533 566 394527239
533 1124 598145834
2086 2338 41660108
533 765 18437022
533 1001 27017654
533 953 223293881
2086 2583 498801196
533 775 327804188
533 630 152137816
533 1003 610313226
3098 3521 642454863
3098 3100 670829254
533 557 141421537
533 623 808903883
2086 2402 129775456
533 990 354040543
3098 3438 131583681
2086 2245 452990659
533 1074 232767984
533 1168 80346653
533 1046 394143746
533 1138 429754615
533 839 734361239
533 1034 284065248
533 1051 979341237
533 896 665336612
533 754 731907113
533 589 924603577
533 1001 647834794
533 587 735150737
3098 3317 199368349
533 596 695107426
533 902 810126831
533 760 143555859
533 950 563313608
533 854 753383083
533 592 706870659
533 876 401208824
3098 3327 230013183
533 1083 671960570
533 755 19773363
533 883 498080654
533 627 53153537
3098 3509 841584086
533 980 284744920
533 935 555965877
533 1127 407837852
533 1208 214452319
533 810 977809016
533 1077 636382819
533 1181 904137063
2086 2247 381975534
533 796 357976420
533 1022 183242312
3098 3358 900239404
533 545 750636195
533 1159 931897497
2086 2466 638227778
533 1104 160946605
3098 3675 678000460
533 1002 402612718
2086 2426 536474197
533 832 617085184
3098 3529 806972742
533 1140 521993885
533 839 15513700
533 1136 839707186
533 914 658278215
533 1096 702637128
533 1150 330774703
533 887 967618939
533 636 525703012
2086 2331 362957078
533 911 101980964
533 535 203168366
533 878 100808670
533 994 759129095
533 782 825966808
533 1039 851482795
533 902 108579665
533 840 485304688
533 1004 362095991
3098 3297 871797229
3098 3266 862223928
533 949 241447528
533 779 572787647
533 1170 507923988
533 722 842686025
3098 3488 386661296
533 1144 595931430
533 878 743579357
2086 2462 115815090
533 899 492834993
533 621 438511834
2086 2608 514054761
533 1134 787259760
533 1161 898878964
533 651 299471684
533 1036 261462476
2086 2261 980677089
3098 3506 592183386
2086 2176 582809292
533 1092 625100389
533 994 389613460
3098 3446 456595138
533 543 765215213
533 773 528397729
533 979 852740924
533 748 956060564
3098 3370 155909208
533 1009 694760402
2086 2587 649825097
533 628 685254254
533 572 497417442
533 1198 819737082
3098 3523 797157442
533 589 108301788
533 1011 332567464
533 613 447227751
533 1183 157251089
533 743 977588042
533 803 87560647
2086 2252 770975755
533 903 217558527
533 1033 303266750
533 677 234584819
533 1091 819071581
533 1024 317637230
2086 2387 707062807
533 986 423167542
533 1176 588291772
533 957 690122856
533 1134 879063051
533 647 523207549
533 544 820608616
533 1028 878557250
533 618 945872261
533 754 562480655
533 931 334715883
533 579 379483138
533 551 524011540
3098 3134 191952138
2086 2668 615306872
533 1153 971646616
533 1079 141207492
533 1164 944355553
533 992 876263860
533 869 586494233
533 892 778762199
2086 2604 750268598
533 592 308271403
533 832 585540533
3098 3494 119718359
2086 2490 964252779
533 718 29461655
533 825 960038713
533 1039 601249855
533 887 152073809
533 1186 615404097
533 1189 822457951
2086 2379 367957693
3098 3164 483115167
533 1144 238849330
533 717 64018901
533 1173 53727666
533 634 974165785
533 646 604688716
533 1045 558110727
533 634 601165452
2086 2474 126643884
533 1073 509812872
3098 3147 627925725
533 658 753934752
2086 2293 834250725
533 966 140971794
533 780 485263074
2086 2552 547842953
2086 2570 12548123
533 777 717788919
533 978 230192336
533 1157 536552008
533 1096 472204166
2086 2555 808053766
533 831 744175115
533 998 269244578
2086 2643 611777212
3098 3326 442737917
533 959 239760887
533 775 573290074
533 1182 674505472
533 655 788253604
533 1038 30555977
533 577 384172040
533 932 291519942
2086 2432 628649696
533 556 775052793
533 1166 56123380
533 896 447205754
533 631 660744047
533 1176 566327627
533 612 912375582
533 1151 258458121
533 706 881816250
533 534 882946075
533 610 755888424
533 665 271987195
2086 2198 306698015
3098 3233 980077112
533 582 966902365
533 1089 515703802
533 1130 126198139
533 1170 782596352
533 934 303659302
3098 3333 706140311
533 1141 738454482
533 827 203333271
533 1139 670332905
533 1113 591290922
533 1137 483244270
533 940 238429780
533 1164 342677948
533 607 933556153
533 1108 585981388
533 742 862725273
533 775 188218592
533 651 573293991
2086 2267 165378392
533 1066 476763934
533 867 53242649
3098 3232 666057592
533 557 924042519
3098 3412 46147815
533 579 594024379
533 1018 640211894
533 534 589661351
533 1150 213013984
3098 3423 76771663
2086 2425 540575586
2086 2559 674964096
533 881 445394700
533 655 39583196
533 1028 286254050
533 1202 507422498
533 762 224065507
533 1168 270484525
533 590 260696380
533 1152 632046332
533 738 14231954
533 738 335185646
533 766 113556314
533 670 694690845
533 808 810412249
533 794 38413663
533 616 545431535
3098 3350 39912928
533 760 907298377
533 735 38280357
533 708 390077591
533 852 432759554
533 747 462184694
533 1159 11083609
533 1032 816657300
533 1031 460461803
533 1111 572017741
533 737 773270330
533 1095 511175288
533 1056 15431529
533 1199 38066208
533 790 707330885
533 832 356061049
533 683 8841041
533 1205 184854901
533 936 289609840
533 948 567596330
533 624 222888483
2086 2090 64120190
3098 3683 903395033
533 634 51954492
533 718 713843285
533 820 887992728
533 760 950313897
533 830 801987956
2086 2612 149089697
2086 2263 172022769
533 991 174996785
533 922 251885654
533 721 235583562
533 739 806034959
533 951 663438028
533 577 159593216
533 642 676984084
533 773 723466962
533 669 690554760
533 539 762270152
533 1135 717955842
533 997 689174093
533 1016 937672029
3098 3682 966926029
2086 2487 972627964
2086 2436 64847367
2086 2600 854008843
533 630 233382067
533 664 521621185
533 787 116964580
2086 2259 406811663
533 1181 690305112
533 805 832076455
2086 2148 88119786
2086 2419 200402085
533 544 566242097
533 785 738585915
533 1024 821799395
533 1206 328498223
533 960 175147064
2086 2656 983590735
533 566 243610610
533 960 166128446
533 1108 428914140
533 1136 213840251
2086 2623 314097885
2086 2464 7369372
533 693 739467434
533 785 163249062
3098 3227 888622071
533 890 66960274
533 913 196201875
533 739 373935965
533 562 398325201
533 635 939413356
3098 3703 240561246
533 711 508604595
533 646 545055601
533 1060 51436033
533 1023 328780783
533 759 849790448
533 886 278425431
533 786 781303536
533 639 902633020
533 781 336682754
533 1014 56186093
533 1206 561626343
533 775 696335435
2086 2292 532951410
533 650 559957683
533 1172 301376136
533 1100 359450648
533 847 70221993
533 534 840397316
533 640 274456067
533 726 702986831
533 711 599219130
533 1098 327930014
533 955 34057351
533 890 901665401
533 1103 158039424
533 564 266685926
533 1101 823878584
533 965 218597335
533 620 829562334
533 943 220282880
533 1015 107840558
533 1121 259359127
533 703 928575845
533 1120 14006340
533 1035 67433006
533 927 60231117
533 1017 539835795
2086 2631 92135447
533 863 631366158
533 652 266132017
533 990 919840882
533 704 334066765
533 1075 709526638
533 843 132388007
533 754 622339623
533 954 37118539
533 683 624370006
533 681 963373241
533 645 105920217
3098 3584 46917422
533 802 589683232
533 755 348956480
533 578 452562410
533 920 109609265
3098 3728 647945523
3098 3430 725787604
533 1075 932726239
2086 2533 761167360
3098 3402 487762386
3098 3236 747173176
533 1060 455642982
533 998 244385989
533 550 624198119
533 810 294500092
533 801 239250620
533 1017 360543115
533 1096 13881634
533 960 913494736
533 851 613566652
3098 3732 136440941
533 1165 236029064
533 831 323773513
3098 3590 58858831
533 1091 213142470
3098 3265 529236207
533 1149 572748820
533 1162 909654686
533 999 897090069
533 709 463239256
533 640 143474971
533 977 393494278
533 969 939839959
3098 3709 352375705
3098 3238 26600373
2086 2250 225428434
2086 2476 643867221
533 1175 508705042
533 1025 489242801
533 671 310352033
533 935 833677063
533 1070 254287873
533 1035 837045511
533 955 600101947
533 976 255572779
533 1028 121892704
3098 3109 376176603
533 747 993360675
533 898 984956949
533 937 584941139
3098 3660 865392502
533 786 293552114
533 889 199529187
533 1173 398580121
2086 2193 891957659
533 598 793810844
3098 3425 219187656
533 558 560027728
533 621 421015037
533 819 529307770
533 910 469579630
2086 2378 562361058
533 1072 248943560
3098 3445 390574940
2086 2203 663013761
533 605 567015576
533 875 924709858
533 654 426925286
533 540 62305611
533 604 236968271
2086 2604 508411552
2086 2378 746765767
533 1178 314656112
533 560 711862267
533 727 87872301
3098 3741 641743168
533 785 141634427
2086 2354 296891804
533 793 356982191
533 989 960988256
533 1030 723446640
2086 2503 582905532
533 561 524051498
2086 2399 437811918
533 694 551506937
533 757 208549389
533 1138 671121335
533 817 5110284
533 1033 123126616
533 771 580803676
533 1095 90919674
533 837 858330929
533 668 95199004
3098 3343 999294724
533 812 686964712
533 935 397534109
533 600 483164460
533 533 333707316
533 702 469887781
533 1195 850174824
533 744 389589819
533 806 478258517
533 553 418574346
533 709 391900353
533 908 14405301
3098 3136 20013468
533 1162 3667247
533 824 385087172
533 724 475229419
533 753 241039716
3098 3168 593468696
533 623 922898273
533 779 573845674
533 717 662592381
533 1053 91731893
2086 2383 505001662
533 765 185070334
533 931 543261849
2086 2377 298508348
2086 2639 966063890
533 1087 78284973
533 534 259814338
533 621 291307608
533 1051 180517810
3098 3653 635044018
2086 2211 6059705
533 864 541299465
533 578 136591092
2086 2430 857303797
533 921 356744838
533 757 107882112
533 975 304375236
2086 2546 188007840
533 907 253540808
3098 3732 724889002
533 1034 244170855
3098 3720 826789011
533 946 11265490
533 612 818918606
2086 2131 14494336
533 1113 320045863
533 812 760123108
533 1003 109060361
533 1153 450302702
533 1042 410186045
533 1186 933327949
3098 3173 189603085
533 646 710849768
533 614 803213729
533 690 161165047
533 912 422225210
533 896 920918963
533 1088 417654390
2086 2680 815056792
533 792 140889357
533 582 752829725
533 1146 552195591
3098 3402 806012689
533 1020 549546928
533 928 948915073
533 1178 317242591
533 772 456842684
533 737 343375017
533 1184 590824130
2086 2559 942781692
533 1043 99163218
533 839 251684612
2086 2610 549790531
3098 3627 720626267
533 893 690666410
533 1057 507398689
533 1073 580587069
2086 2622 637454462
3098 3494 330542283
533 919 184560271
533 741 958585886
533 773 459338443
533 952 14171364
533 834 208065127
3098 3207 562883288
533 753 328659180
533 686 838383458
533 535 85642240
533 1208 269768337
533 933 41264565
2086 2503 923871288
3098 3594 92383667
533 1085 794976640
533 911 354458446
3098 3520 28514732
533 709 43669900
533 907 162110926
3098 3341 961724626
533 705 319344212
533 847 238394730
533 1163 708435251
533 1102 728794570
533 799 664212056
533 1128 670543546
533 916 316526983
533 581 219088994
533 915 627969773
533 1118 711507125
533 602 754127637
533 1093 571506516
3098 3148 201198770
533 725 45241199
533 1138 21649364
533 667 186641786
3098 3589 501707145
533 960 983709355
533 536 366807030
533 563 248215486
533 854 502049619
533 1064 748641359
533 646 115235759
533 880 27108944
533 1187 506649739
533 1093 472368971
533 748 623648693
2086 2163 424050415
533 609 123611897
533 1030 787776711
533 998 58160939
533 979 839796444
533 1065 379323229
533 920 951947312
533 686 26587683
533 987 224272126
533 903 322180548
533 699 738831819
533 921 185750406
3098 3287 190858604
533 1001 429227843
533 804 662202590
533 610 562587552
2086 2179 698999606
533 966 816972001
533 768 389264002
533 811 496116358
533 1035 865769963
533 746 529619030
2086 2591 776070452
533 666 105407052
533 883 955031449
533 867 981631986
3098 3167 191957557
533 1200 215416954
533 1132 959476477
533 1039 285621226
533 541 282493814
2086 2453 432134169
533 589 558100158
533 1188 87799894
533 1032 33129829
533 1188 75080769
533 1119 652056484
533 843 796903339
3098 3242 431547008
533 721 681520467
533 1097 398646148
533 929 241649456
533 1089 812825997
2086 2334 962448793
533 587 531240042
533 853 107636366
533 1197 454759744
2086 2387 990616083
533 976 380726224
533 1006 864014148
2086 2546 130282599
533 551 78619360
533 1059 388199655
533 1207 862451514
533 1093 275181574
533 583 974484776
533 1110 618414891
533 857 514621206
533 1070 841661002
533 628 723349755
533 944 774008471
533 638 348613970
533 750 92993368
533 548 134103505
2086 2241 651833381
533 958 946393404
533 1072 926996713
533 663 828006354
3098 3282 410022643
533 950 898966680
533 669 552681074
533 774 180170980
533 654 510839200
533 679 817480223
533 1107 833486238
533 583 648109009
533 835 479012060
2086 2589 486899312
533 1100 957343623
533 854 207834500
533 899 74702033
533 1116 983623979
533 1004 277922364
2086 2131 508148757
533 839 702461379
533 927 342430471
533 1137 540254100
533 797 945366320
533 922 180467207
533 600 897160879
533 1002 514347220
3098 3281 989742234
533 1162 243073947
2086 2556 3933396
533 744 212858617
533 1044 80541237
533 864 106543609
533 1006 765236615
533 1116 272698637
533 630 14422534
533 1139 443108281
533 850 744354482
533 886 617657840
533 736 171473880
2086 2443 276728034
533 992 990343128
533 660 3943772
533 1099 592853615
3098 3365 990443862
2086 2415 167256708
533 1006 638509918
533 759 795792748
2086 2507 873711990
533 906 268135591
533 694 563266574
533 899 936566302
533 869 711835404
3098 3437 392445105
533 901 267806812
533 993 440431981
533 908 479487388
2086 2420 864497742
2086 2521 189935663
533 1160 899529152
533 564 859743900
3098 3275 702311387
533 1127 952219049
533 924 777396036
533 607 399970431
2086 2566 509621505
2086 2481 80486487
533 1115 140925509
533 1151 706955027
533 733 67335014
533 857 617137800
533 1196 850556198
533 900 589993757
533 820 488446387
533 868 23141741
3098 3605 624796015
533 585 913698868
533 948 477158979
533 917 425691887
2086 2191 497700213
3098 3262 795783269
3098 3357 976965472
533 818 508448241
2086 2436 488447316
533 579 50010481
533 602 386424667
533 769 94149785
533 864 983951813
533 1154 321015124
2086 2239 654840775
533 1151 576132558
2086 2101 913280943
533 915 770105396
2086 2326 515765118
3098 3252 579830807
533 841 711572827
533 992 935976547
533 650 451257966
533 1001 159378669
533 672 752924909
533 552 230926399
533 1115 749756299
533 690 809522621
533 584 825908422
533 595 129856048
533 1066 738704476
533 852 357425909
2086 2411 470462830
533 846 619822939
533 622 492414478
3098 3198 867046838
2086 2214 480970910
533 939 892734316
533 783 731906805
533 590 550070907
2086 2097 943817814
3098 3319 433959061
2086 2433 859344004
533 1150 239826989
533 929 475215223
533 1089 411026250
2086 2465 939610001
533 1072 827498384
533 1189 127672880
533 918 850863308
533 786 375819653
3098 3135 45629982
533 957 982426959
2086 2511 518090517
533 855 184088866
533 771 217344715
533 866 610791214
2086 2439 167401885
533 927 776848744
533 582 468235811
533 845 589504067
533 1084 551102005
533 972 168328289
533 930 740618317
533 743 852744203
2086 2336 591279575
533 901 184949789
2086 2434 845216653
533 557 599050948
3098 3586 245081783
533 634 292945155
533 1023 438613035
533 1064 509604591
533 659 787090306
533 763 839045578
533 882 767949733
533 745 448747090
533 772 714144368
533 816 291295793
533 680 233181783
2086 2145 421628556
2086 2407 29258811
533 1175 6186031
533 652 270518137
533 906 331902456
533 874 415968663
533 685 740515936
533 705 729300509
533 1074 144431909
533 926 820351423
533 595 234536021
533 546 832190171
533 922 376921903
3098 3258 258668928
533 1034 501567734
533 818 602988202
533 882 102583728
533 698 890249711
533 1197 615768725
533 1137 900836259
533 549 757073334
533 844 296655022
533 555 357313027
533 930 86216738
533 691 388492959
533 700 619760606
3098 3367 266546017
533 979 387300950
533 929 643750744
533 912 396814650
533 850 555668878
2086 2184 184959539
533 961 361398170
533 645 4031798
2086 2155 554627697
533 852 647707672
2086 2602 44079629
533 750 12961158
533 1114 727629818
533 843 36421054
533 786 283096758
3098 3256 656447434
533 932 52695981
533 1139 881105975
533 643 672488208
533 1198 86678938
533 1046 692095978
533 866 540166081
533 659 458265934
533 746 253829715
533 786 127051131
533 1045 86744063
533 1017 684557978
3098 3279 387815173
533 732 131166892
533 682 34579504
533 1001 906949514
2086 2295 937088649
533 978 926399349
2086 2263 10955020
533 630 868078129
533 848 448899817
533 706 865290589
533 789 958143606
533 1006 75989908
533 905 855453951
533 915 758129022
533 1011 7165820
533 1021 131876421
533 668 510527893
533 784 380451204
533 738 900937986
533 797 884757649
533 810 807775655
533 1033 354461467
3098 3419 67650607
533 1081 559772027
2086 2340 198905717
533 590 594091799
2086 2315 728550232
533 1194 461182339
533 1191 168304378
533 991 669910136
3098 3687 477676174
2086 2473 183687116
533 911 489348607
533 1176 890029169
533 841 204556597
533 1131 747678611
533 735 987612131
533 624 561174715
533 559 65528627
3098 3486 960663986
533 798 743514683
533 799 577991716
533 772 67751126
2086 2473 127537847
2086 2128 603858213
2086 2612 478992968
2086 2132 135505861
2086 2352 528840675
533 798 973385894
533 602 55145055
533 1033 116444677
3098 3508 149772129
2086 2200 788569342
533 718 615180762
2086 2404 470395738
533 573 946830345
2086 2622 979172981
3098 3699 999922979
533 652 256412145
533 1207 980377076
533 1000 980467985
533 1197 163585797
533 713 43427334
533 1176 773364666
533 742 840586147
533 602 834880740
2086 2464 750190406
533 651 706250428
533 871 309354393
533 618 489312982
533 556 341790988
533 1071 295949020
2086 2163 787550716
533 535 61600586
2086 2568 397399577
2086 2419 727817810
533 1078 367141004
533 1178 952102249
533 554 783108018
533 869 185592806
533 689 914140674
533 619 427524982
2086 2181 537575799
533 714 636703840
533 605 892097430
533 607 878535086
2086 2492 175100602
533 1032 263181062
3098 3606 28051514
533 853 615238640
3098 3115 549164127
533 1100 15934830
3098 3659 963190938
533 877 824620739
533 1000 93916067
533 683 675662414
533 1111 336465083
533 587 864835977
533 1029 321401465
3098 3338 647393478
533 841 35765091
533 686 157452619
533 749 908701675
533 590 151790245
533 658 361493227
2086 2513 687503705
3098 3378 187258917
533 1165 46217399
533 616 17370205
533 560 38658807
533 1194 363084382
2086 2416 482223420
3098 3409 377079018
533 535 382857205
533 1208 259880583
533 561 184810513
533 968 953440068
533 557 976144445
533 672 406314016
533 611 489470470
533 770 668701525
2086 2484 677653873
533 940 919849001
533 1061 108881191
533 769 336394648
533 584 309697730
533 1118 117703721
533 1168 178667269
533 1179 304640245
533 1021 104158419
533 993 733980677
533 981 686997029
533 724 350715835
2086 2194 881864523
533 1054 814523867
533 597 796366163
2086 2470 844921270
533 662 943163702
3098 3628 707970575
533 566 116598433
3098 3146 187781522
3098 3622 542628404
533 578 495023051
533 899 544204330
533 694 214609904
533 859 293114939
3098 3631 457891473
533 670 412365005
533 975 3457411
533 664 946667383
533 1006 739643646
533 969 823568490
533 880 177370864
3098 3684 289311418
533 1055 234571247
533 1150 286857853
2086 2132 477621855
533 588 975060301
3098 3208 694335915
533 774 494696936
2086 2095 902353642
533 707 514686390
533 690 215128075
533 1012 64231682
533 843 284202850
533 983 563330261
3098 3111 669326199
533 827 937401059
533 628 184359055
533 952 980158396
2086 2381 109419519
533 762 529581153
533 610 902859095
533 996 202181477
533 918 132099400
533 577 922233946
2086 2627 542669814
533 587 792570172
533 1106 183865614
533 699 778003708
2086 2577 626221648
2086 2292 890384873
533 1167 834450301
3098 3594 528567367
533 1190 635597415
533 905 556448409
533 770 437743626
3098 3726 286489218
3098 3210 716359754
533 819 874327330
533 1209 742582771
533 1145 894500096
533 623 251748883
533 1128 984692221
533 840 562453170
533 623 571900633
533 917 620658267
533 1001 784371826
533 895 192045159
533 909 725421479
533 1161 648123577
2086 2454 963590411
533 1192 723317235
533 1085 330792188
533 1131 906515885
2086 2501 304608198
533 935 649273283
3098 3577 123121944
533 962 994854979
533 648 306322985
533 595 159284200
533 1173 877721147
533 1142 434753332
533 786 66757891
2086 2462 889719152
3098 3369 507585215
533 580 872895483
3098 3329 210176871
533 922 534848152
533 1006 971237263
533 647 208392185
533 861 600849117
533 1136 930463785
533 554 824083487
533 1074 370140387
533 544 527053324
533 997 593391558
533 1110 155024719
533 873 243121554
533 853 922314874
3098 3558 198312117
3098 3704 637250216
2086 2200 549911168
533 1198 223563297
533 988 218246931
533 1166 380729956
533 735 103279959
533 877 80565856
533 655 212365148
533 864 572838109
533 1203 825787146
533 589 109024876
533 805 284864823
533 539 976480205
533 1075 409059243
3098 3696 601873776
533 991 126196802
533 1189 110377237
533 1132 346248482
2086 2219 952317808
2086 2285 528181225
533 1164 270498120
2086 2307 798126025
533 597 757215840
533 847 263733711
533 822 161188183
533 547 8402295
2086 2613 587279665
533 899 47705175
533 720 911854200
533 1183 470860701
3098 3377 894066214
533 649 25921326
533 540 604198510
533 877 345530182
533 553 413111416
533 1096 313625807
533 978 693405280
533 852 665222366
3098 3529 387824701
2086 2243 29879741
533 781 856300689
533 552 688719715
3098 3332 536078067
533 841 438620447
533 1042 667616003
533 896 509347582
533 732 900682929
533 1057 592025901
533 671 77971152
533 881 909732770
533 685 764322512
533 633 908010156
533 642 81330037
3098 3731 405240761
2086 2624 67564562
533 1185 592871495
2086 2480 599410970
533 1048 170444775
533 672 58099215
533 703 705594635
533 1149 258395434
533 997 203088842
533 1183 663557534
533 1056 402597389
533 738 4441334
533 895 566860747
533 665 279677636
533 1127 75295634
533 764 785107066
533 809 35984542
3098 3554 995136162
533 649 332759700
2086 2556 878605048
533 1136 717005428
533 1191 604656363
533 686 976553225
533 587 275705999
533 764 294768765
533 594 7113989
533 791 833991275
533 606 353070564
533 942 361762544
533 1007 812471063
533 1026 637414771
533 577 72000371
533 1153 990171853
2086 2660 420157836
533 577 341258577
533 1020 311461823
2086 2359 212184685
3098 3621 35834526
533 1130 608203555
3098 3591 40557370
533 1152 18038727
533 1081 123363233
533 1038 405739363
533 704 43887619
533 1182 769570066
533 980 446024012
533 584 303524829
3098 3642 191518204
533 1126 895606710
533 778 269388560
533 887 349243198
533 673 109891567
3098 3522 823028578
533 738 98222804
3098 3438 893159406
533 573 901643590
533 885 544528955
2086 2537 854399956
533 950 215827663
2086 2314 599103615
533 777 739432331
2086 2248 509563863
533 554 576217037
533 1098 863108589
533 1161 708136529
533 812 900089839
3098 3734 678005939
533 546 907177089
533 1088 558982514
533 606 329016761
3098 3374 848830982
533 646 203559683
533 750 106690964
533 1157 903278497
3098 3462 977100635
3098 3340 876730092
533 870 883333391
533 878 493282781
533 833 661692032
533 1095 939070608
533 857 584391938
533 881 79001524
533 1159 909304150
533 543 26283775
533 920 649556733
533 1186 680987412
533 909 499591232
533 533 9588157
2086 2446 419024803
3098 3225 126334869
533 708 798738307
533 886 827392352
533 1117 275975474
2086 2307 671994400
533 676 159861058
2086 2565 421762209
533 931 220905327
533 681 886228093
2086 2335 583123219
533 858 752560246
2086 2579 709401760
533 926 454015707
3098 3661 238032248
2086 2492 545813534
533 1011 45620702
2086 2596 609658447
533 939 330367780
533 1067 146040278
533 672 656303216
533 899 199858746
533 639 399643511
533 596 261739243
2086 2281 944206130
533 553 324319881
533 670 689623621
533 756 972509874
533 639 42166000
533 592 120283
533 865 304366153
3098 3741 941149086
533 613 25722095
533 579 209283974
3098 3303 701610800
533 1010 228169378
2086 2348 899147099
3098 3584 105282609
533 900 397614468
533 889 45159006
2086 2517 144676743
533 962 647532624
533 942 871706037
533 784 412150690
533 646 837953
533 890 453308941
3098 3463 105450520
2086 2253 891766848
533 746 59697191
533 715 121398534
533 641 473712101
533 762 496761985
2086 2609 193130398
533 1004 994543835
533 1090 667699222
533 1181 964726258
3098 3338 705407098
533 1055 653219872
3098 3135 696104731
2086 2461 936445054
533 664 99109130
533 632 491217125
533 549 403938668
533 1146 269977903
2086 2448 633883477
533 1099 621049851
3098 3733 279055346
533 1091 624249584
2086 2494 492691393
533 677 356498299
533 613 620303251
533 839 148940189
533 994 446016434
533 723 168118583
533 679 444671781
533 1148 474019602
533 553 286053540
2086 2570 913568069
533 1194 440146280
533 1143 287041076
2086 2643 204962035
533 936 448414629
533 915 752213663
533 1196 413045678
533 1129 208317533
3098 3727 893649735
533 665 156620760
533 1093 512642916
533 872 913305365
3098 3520 90446854
533 557 349809854
533 1064 194691311
533 630 50079519
533 1107 937807441
533 1091 165187806
533 1127 526867452
533 557 583114382
533 687 988235678
533 856 573140608
3098 3509 104327196
533 1048 730643425
533 672 121461546
533 1058 277473854
533 706 689570630
2086 2225 932010194
533 1004 1965704
533 960 623679855
533 1126 638733959
2086 2090 289576642
533 764 238342070
533 673 474171228
533 852 357336635
533 974 193248707
533 714 760061826
533 1066 564949527
3098 3452 226796013
533 680 867448984
533 676 496973497
533 764 181040675
533 1172 440154835
533 640 258967986
3098 3645 233498214
3098 3199 968184973
2086 2373 583135462
3098 3268 423757003
533 1153 710359658
533 1174 257820210
533 889 876584936
533 591 292515245
3098 3302 242678175
2086 2393 608041469
533 804 549233187
533 990 97695974
533 1171 276651624
2086 2340 771987105
533 1043 180514486
533 1047 734581316
533 1050 307562652
3098 3183 476796637
2086 2619 890046040
533 1115 893635906
533 1209 950938241
533 1007 249045269
533 558 294480732
533 979 9724091
533 1073 502546039
533 548 422313947
533 1092 200036591
533 1175 249816987
533 563 39524480
533 1029 66384598
533 641 164784391
2086 2225 453559933
533 563 779581690
533 1030 169817913
533 668 970898472
533 800 944781674
2086 2316 815512144
533 665 128339253
533 834 794457658
533 614 81770038
533 723 473580971
3098 3701 472541785
533 1166 88805995
533 925 448902119
533 552 489212910
533 754 359524979
533 621 308837656
533 720 307494823
533 596 537859667
533 548 462940782
533 976 776910833
533 834 114058219
3098 3739 701657380
533 906 152063824
533 717 856671751
533 706 249703341
3098 3359 150434332
533 1149 815124630
2086 2611 411117184
533 1162 788156085
533 632 950116037
533 1203 954517557
533 861 703333578
533 1091 114522428
3098 3401 954083491
533 810 305198638
533 1137 903188301
533 1182 230842251
533 559 136464558
533 736 528486484
3098 3596 93850565
533 585 943086302
533 948 986155758
533 1188 52540704
3098 3428 750946699
533 616 511044009
533 745 491936824
533 977 65549805
533 1115 940051803
2086 2573 779937254
533 800 738183336
2086 2338 919442309
533 918 613126518
2086 2516 856763083
533 929 171525059
533 551 556408324
533 985 810330945
533 567 223516934
533 571 58159890
533 763 148583678
533 998 380803105
2086 2669 251989828
533 1012 451521833
533 597 748957763
3098 3341 859778589
533 761 261913012
533 861 52041959
533 770 444595342
533 781 571224364
533 879 970565999
533 815 857681115
533 775 906569550
533 1151 540863214
533 724 797672727
533 940 928600297
533 740 230569212
533 816 791235989
533 1128 508584105
533 540 933488313
533 617 989137130
533 818 884949640
533 1176 805186098
533 1039 28121914
533 590 973001628
533 894 782140561
533 674 934322459
3098 3431 287907744
533 1130 355804347
533 683 224448538
533 1136 983577539
533 615 84328244
533 962 56393561
533 928 846982793
3098 3606 580641271
533 906 68677157
533 1146 25561161
533 587 300779209
3098 3386 759173242
3098 3221 69277652
533 850 55448888
533 539 290926258
533 736 705826036
533 1101 558371462
533 1149 516289268
533 752 842040824
533 1059 750078119
533 593 481967960
2086 2670 114319723
533 682 376586600
2086 2459 133621431
533 934 755187096
3098 3668 18752461
533 913 238918657
533 786 75671087
533 768 698964668
533 1177 350051826
533 1106 933105572
533 1090 263037894
533 729 291194204
2086 2479 136000628
533 1001 12711633
533 928 668654722
533 574 527524580
533 1103 370727453
3098 3375 278215278
533 1169 195791284
3098 3344 478894002
533 807 408721728
533 709 507445874
533 885 444383667
533 710 18217647
533 702 915449970
533 761 968060503
533 909 154359392
533 972 275678641
533 1094 190630309
2086 2628 534099505
533 645 799494463
3098 3467 630326065
533 542 39682096
533 883 479047491
533 621 396879985
533 965 973780083
533 728 575629582
533 652 322848234
533 1166 117195529
533 795 208839389
3098 3226 92673618
2086 2472 611655513
533 1069 858405462
533 793 278810967
2086 2541 830927379
533 1076 45513140
533 871 232740966
533 1179 659831223
533 628 142729828
533 901 589238861
3098 3662 222175115
533 1094 770989056
533 627 550141064
533 833 999898827
2086 2656 621774518
533 802 436763176
2086 2310 989544596
3098 3207 18652527
533 627 967646145
533 1105 737963038
533 768 702185136
533 719 806933823
533 858 776099321
533 1174 977244623
533 1066 833365258
533 600 355978116
533 740 718069830
533 570 129743861
533 656 875253773
533 1077 228627660
533 715 980957151
2086 2092 888879847
533 1078 172027913
2086 2558 728229307
533 894 31840952
533 1037 337592541
533 986 366448602
533 705 726140761
3098 3196 173866603
533 1015 322280784
533 601 700835805
533 1014 93940254
3098 3508 596164689
533 937 87902547
533 544 331595949
533 822 541315525
2086 2505 879993759
3098 3587 798363588
533 842 337405396
533 1158 430279741
533 1173 211070640
533 779 961615817
533 939 5542199
3098 3188 184506902
533 876 560275134
533 703 619859348
533 1074 702879893
533 777 484284458
533 982 502526238
2086 2456 795980401
533 904 516587279
533 833 477223486
533 1153 943538710
2086 2595 947469008
533 727 559098532
533 1063 252640762
533 730 427592853
533 798 582649536
2086 2452 495890468
533 718 163488920
2086 2211 563358030
533 957 892488485
533 1096 318395794
533 871 328974171
533 718 475562746
533 1138 32511640
2086 2630 400155461
533 757 973822659
533 824 959370354
533 1138 935315070
3098 3107 485880558
533 700 608665516
533 876 352139811
533 634 533496328
3098 3574 494925456
533 822 235274315
2086 2350 44971056
533 1034 777145665
533 649 425104079
2086 2555 784935394
533 677 964227177
533 896 620249067
533 1185 175565171
533 993 324364502
2086 2327 574994232
2086 2469 357356113
3098 3644 63651237
533 536 938268234
2086 2144 159799060
533 1166 451974991
533 1077 143786140
533 689 58230052
533 604 360781923
533 1176 807849290
533 903 64999077
3098 3170 553914641
533 578 192170736
3098 3645 577330198
533 622 609649577
533 669 630252349
533 1119 178329786
533 763 740452551
2086 2198 789410953
533 1207 639534539
533 858 62788638
533 630 103071331
533 682 161308553
533 853 369222022
533 863 837949196
533 750 653329003
533 1069 565971615
533 915 229532048
533 989 512704390
2086 2552 443590550
533 886 732502490
533 549 527533838
533 701 136693701
533 988 400171521
533 870 313741829
533 990 622743344
533 730 582553300
533 890 987576444
533 565 253802536
533 1032 591619092
533 617 496081244
2086 2443 868778237
533 961 569527340
533 671 275051201
533 614 514575403
533 1106 298374385
533 568 233498269
2086 2649 637568018
2086 2382 612141618
533 827 703080604
533 1080 626346292
533 1150 602662324
533 1005 533038374
533 1107 555212145
533 966 769427419
533 1158 308624829
533 802 441249815
533 645 906883977
533 1002 806081822
533 648 704916708
533 780 535054881
3098 3268 145718741
533 927 811639442
533 1091 513343493
533 979 682508914
533 1002 419880569
533 1012 79791563
533 845 793258160
533 742 471065799
533 785 115446492
2086 2627 606403689
533 747 174599084
533 988 281513280
533 1077 958770272
533 789 827116086
533 1171 870298457
533 970 703514812
533 791 583183518
2086 2378 85310906
533 1201 696144093
2086 2289 917748703
533 941 963250597
533 610 207992938
533 745 833989996
533 620 543634571
533 1177 671251837
533 1146 637325584
2086 2399 705279777
533 943 267681950
533 897 162058785
533 1082 14806711
533 774 773153841
3098 3330 987238150
533 869 762348991
533 535 760811266
533 1125 941367198
2086 2254 480654753
533 847 111374438
533 626 110972981
533 1043 195079769
533 1088 70438320
533 759 84545265
533 879 581914355
533 955 696600730
533 620 242423469
3098 3532 344838818
533 635 900349634
533 1074 16779362
533 905 676991543
533 1022 242802482
533 883 255652036
533 670 991159341
533 876 909039670
533 781 414580293
533 606 863173582
3098 3642 21971883
533 743 768330229
533 1037 565469561
533 1203 928130184
2086 2212 110873386
3098 3304 237587164
533 787 816276156
2086 2239 814826111
533 1131 357271109
533 1063 941884990
533 1175 175953505
533 767 953807107
533 569 580071485
533 750 886831679
533 693 444409621
533 727 656813656
533 773 877727465
2086 2519 584725679
533 687 578247168
3098 3300 386750535
3098 3511 859595649
533 748 32273956
533 593 323247388
533 965 917529245
533 915 947103820
533 1005 456360331
533 873 854162039
533 591 784826530
3098 3321 645375718
3098 3677 744676441
533 728 244001626
533 711 792271669
533 944 79403543
533 614 373194122
533 857 698774158
3098 3668 642774375
2086 2465 881364902
533 1121 66932960
2086 2185 215910058
2086 2122 564622335
533 573 652656984
2086 2127 576213499
2086 2472 853246399
533 586 1403371
2086 2370 851192458
533 701 746703333
2086 2232 420834717
3098 3390 560022256
533 833 200442541
533 814 499261321
533 790 230932199
2086 2276 396058976
2086 2230 959800667
2086 2570 897117628
2086 2361 707589687
533 563 380337080
533 536 267623057
2086 2279 349878195
533 1153 895582594
533 1147 809858225
3098 3348 158290684
533 872 703321655
533 1021 335028525
533 1137 295583856
533 1116 888087388
533 574 878847677
533 547 533109671
533 1167 197692090
2086 2274 525700382
533 1158 831229363
533 898 35683102
533 536 323644925
533 916 892176424
533 735 339978327
3098 3390 996420033
3098 3234 686021796
533 1052 460436056
533 797 665182702
533 1114 563153432
533 686 390636285
3098 3406 887170502
3098 3328 885392069
533 965 383423793
533 1181 558828619
2086 2421 468790325
533 667 947824315
533 1142 96455931
533 1082 273321598
533 918 301601182
533 963 690846772
3098 3367 43471457
533 647 325953281
533 1128 887682096
533 1196 881467698
533 950 681778148
2086 2352 297132730
533 981 93672265
533 750 363860580
2086 2598 124621048
533 1099 381142606
533 809 77882028
533 623 895884111
533 890 495555610
3098 3206 458476663
533 904 353583807
533 948 385967276
533 1113 533598071
533 760 974965788
533 1136 22339361
533 1184 657697960
533 612 36053315
533 582 374621240
533 1131 480113190
533 732 846296146
533 588 148098629
2086 2643 952572706
533 1185 106653348
533 732 384818119
533 1089 793419042
533 610 28313994
533 1118 728095531
533 1085 884273018
533 759 119686748
533 619 269529953
533 1199 218017849
533 810 673727181
533 838 558869598
3098 3492 249869973
533 641 702297724
533 634 768874573
533 933 3929967
533 569 458942855
533 640 54618013
533 903 871647369
2086 2525 810805112
533 846 44795104
533 978 398034855
533 598 300391165
533 815 383833530
3098 3404 48619328
533 1171 628563198
533 890 79916286
533 1126 371989314
533 710 350617329
3098 3387 287888322
533 545 727895845
533 813 495265057
2086 2399 856253505
533 554 558254672
533 558 970128683
533 704 552984844
533 1202 359668503
533 834 998427727
2086 2280 84814113
533 647 528267057
533 1100 837886900
533 573 912208811
2086 2395 872698737
533 1187 652074511
533 970 227615848
533 851 966309189
533 1204 391316944
533 737 840040511
533 1013 611566991
3098 3651 865120062
533 845 399460833
533 1078 856131191
533 1158 355789098
533 585 135960747
533 555 81331899
2086 2359 830854593
533 681 168649112
533 823 858145393
533 730 909545097
2086 2137 265859773
533 552 526441242
533 831 292085198
2086 2499 725855933
533 633 102382231
3098 3232 693948348
533 815 603407709
533 1057 394781690
533 1137 512555872
533 991 910152187
533 642 472179373
533 580 763651502
533 563 757674232
3098 3580 496713665
533 1028 244414508
2086 2475 318804466
2086 2351 192437710
533 1160 35327446
533 954 258445239
533 768 748108524
533 1071 605028813
533 1040 393468392
3098 3202 790348315
2086 2341 666927402
3098 3504 353027353
533 953 455236702
533 1060 673938721
533 842 77659346
3098 3458 532301509
533 658 401574226
2086 2424 115580568
3098 3739 667015845
3098 3580 825861840
533 616 612870046
3098 3678 363526130
533 799 41461566
533 922 288082352
3098 3514 544361088
533 826 216869935
533 719 200436187
533 1179 174576070
533 1151 463028439
533 1047 473719177
533 821 771471395
533 685 734645801
533 1006 2367729
533 597 840532669
533 589 712857521
533 843 131771776
533 1012 998797930
2086 2221 802878340
533 878 99353916
533 1209 790889753
533 1066 87657038
533 876 714959607
2086 2643 756489133
2086 2672 489752766
533 1189 301134765
533 1145 781833164
533 1168 484810841
533 702 123767008
2086 2498 351298031
533 927 52650804
533 818 168311886
533 620 24188493
533 909 972109710
533 881 240231006
533 737 666537421
533 992 276151157
3098 3150 722426515
533 811 215210470
533 765 648994329
3098 3640 204743959
533 586 849314669
533 907 473930378
533 1013 334620539
533 879 986423702
533 562 800538566
533 1095 692544723
533 703 209788236
533 589 893114451
2086 2104 368607192
3098 3739 580548843
533 985 362282295
533 935 610851577
533 919 610311395
2086 2522 394728370
533 1114 695905813
533 1119 712103956
533 776 137928988
2086 2215 126779936
533 597 407535862
2086 2096 588916223
533 1024 635345346
2086 2599 714736940
3098 3168 499361994
533 1058 110838946
533 839 262747680
533 775 107348838
533 935 923340725
533 692 851420551
533 877 744364186
533 764 76877863
2086 2411 146956125
533 1039 741000192
533 985 952513752
533 876 707929717
533 700 826216259
533 761 893310308
533 1111 969903570
533 752 61320307
3098 3171 246845472
533 727 879759806
3098 3101 234951383
533 1072 585338497
533 658 211678497
533 557 37687120
533 894 706318639
2086 2163 575347557
533 1001 588463995
533 724 259565177
533 588 267630559
533 748 815241573
533 1049 66358093
533 977 168018846
533 773 140977381
533 991 925654787
533 1038 879357517
533 1190 186292294
533 704 834742600
533 934 993579709
533 650 418793746
533 1050 485764069
2086 2430 604399957
533 1057 35110071
533 871 773578124
533 744 755363242
533 799 40742861
533 567 707119245
533 1176 164101343
533 581 551507506
533 996 599848775
533 779 211455937
3098 3396 713769026
533 747 752373996
3098 3279 392152789
533 1015 494275483
533 988 361501109
533 860 762512403
533 823 368003730
533 1068 851457959
2086 2550 191749567
533 1180 516993259
533 564 507793412
2086 2366 378882187
533 1023 422924283
533 634 280025185
2086 2533 890268275
533 811 225259340
533 936 552019395
533 579 989504732
533 797 817683391
3098 3641 49767679
533 1106 107923715
2086 2177 876785153
533 614 611720732
3098 3644 119986069
533 769 903480962
533 566 509088787
2086 2095 899739304
533 870 381491866
533 775 263356253
533 1163 362172508
533 725 363912906
533 782 403366635
533 549 981216306
533 1126 244036099
533 1028 327539547
533 622 900444498
533 1098 137893132
533 1130 64023724
533 768 230452639
533 752 80517011
533 700 474735496
3098 3197 636859780
533 615 128750343
2086 2171 677207696
533 1042 50001232
533 1102 536872254
533 708 939422247
533 621 555501615
533 883 991513553
533 1122 671712013
533 1042 998437565
2086 2426 942262334
3098 3665 828737089
533 1195 543364169
533 761 247851368
533 938 625863186
2086 2333 889489404
533 1148 76999958
533 1196 568928305
2086 2499 508660071
2086 2395 485382304
3098 3508 306774227
533 743 952909091
2086 2340 248447948
533 728 346262348
533 690 106813461
533 921 611725553
533 889 631416567
533 680 919508418
533 620 631391057
533 989 745472316
533 1181 102324408
533 734 231965881
533 567 55151525
533 606 327736958
533 731 262127910
533 985 371077350
533 1079 648344234
533 724 626989108
533 928 468330646
533 1016 118314628
2086 2464 145562420
533 1164 192272182
533 652 466565516
533 865 716697208
533 652 338410069
533 1204 120480291
533 641 158066928
533 1173 957702396
533 1021 658475384
533 640 110669156
533 792 333047617
533 776 790086686
533 775 135517188
533 818 485280368
533 1202 444717337
533 658 650693210
3098 3454 278653223
533 1072 16170897
533 978 151988669
533 1093 401114784
533 1153 341424560
3098 3220 899295130
3098 3351 509119180
3098 3106 620082047
533 1170 406159570
533 584 131006492
3098 3250 92423735
2086 2292 816152811
2086 2195 777120998
533 1137 539200584
533 835 624787595
533 878 759903532
533 595 322104555
533 623 828444260
2086 2579 705273145
2086 2333 290905423
533 643 267666544
533 765 237486297
533 876 691953255
533 630 416454828
3098 3346 642161975
2086 2459 763970100
533 1136 945449346
533 832 770548263
533 1007 586717707
533 1111 644591855
533 629 835895351
3098 3600 999066426
533 764 10702329
3098 3186 305545182
2086 2247 225130641
533 610 871523076
3098 3165 984785506
533 1075 393462700
533 1006 358912319
533 1209 993070042
533 610 302458059
533 602 5667434
3098 3169 657391019
533 976 469086164
533 596 16357271
2086 2249 254226002
533 560 622305557
533 927 471281226
533 1083 770233743
2086 2340 278966622
533 923 998047564
533 771 478037471
2086 2309 104562764
533 1204 53132365
533 535 143355857
533 591 643858985
533 786 175660191
533 1131 149922985
533 542 615693047
2086 2521 532823161
3098 3413 469247974
2086 2279 145515260
533 562 918107988
533 917 858224197
533 758 461167799
533 912 502763592
3098 3309 33272466
533 973 14253959
533 872 261086478
533 607 32995959
3098 3409 602735225
533 1114 107472529
533 889 413715792
533 1092 457049864
533 1161 306482422
3098 3727 128606542
533 766 707219503
2086 2128 62142178
533 747 176576555
3098 3316 61906234
533 656 288496262
3098 3243 752404184
533 686 861220578
533 698 890017578
3098 3347 224773674
533 690 407627960
2086 2255 113788594
533 947 150624689
3098 3386 449216310
2086 2559 381294738
533 1016 68481877
533 751 639313244
533 649 184308245
2086 2160 994509463
533 1069 1578847
533 544 706599273
533 579 219459608
2086 2163 630473289
533 682 84919946
533 816 242057999
2086 2548 386490540
533 980 869591878
533 841 490467183
533 818 64222956
3098 3544 384535944
533 1017 826355840
533 692 450289695
533 784 173595022
533 1087 436454910
3098 3189 184134439
533 790 251894211
2086 2419 395799568
533 847 863277158
533 1162 774210987
533 645 594070306
533 857 949906566
533 744 750745931
533 824 298675588
533 900 542726092
533 1177 900130662
533 1035 976630263
533 619 393048302
533 601 914035458
533 919 206017966
533 1092 449275212
533 1196 889224634
533 1019 260764938
3098 3651 572440476
533 942 688824850
533 865 176046680
533 595 551158269
3098 3364 4355649
2086 2554 758561316
533 606 651746956
2086 2410 993040534
533 1000 315068636
533 726 174945948
533 804 307331877
533 753 693750012
533 914 80063182
533 1193 726730011
533 1030 300406152
533 954 514412019
2086 2595 349531009
533 1178 270386673
533 746 244536279
533 750 857202365
533 1120 965629140
533 705 251893155
2086 2613 438153848
533 753 564917588
2086 2209 345226181
533 674 192395292
533 711 52675802
533 1092 33110774
533 1152 580780130
533 842 577620321
533 757 346799547
533 1161 73634583
533 1153 791071308
533 564 324228136
2086 2279 423416944
533 789 334327738
533 915 90633572
533 953 378162400
533 1023 468353106
533 1036 819554665
533 746 56181285
3098 3353 513993155
533 840 603494766
2086 2677 176382660
533 759 621920728
2086 2512 293313233
533 879 652637823
3098 3230 500316246
533 570 625326643
533 842 465574441
533 1056 417733899
533 1118 978956618
533 743 338564661
533 882 611578133
533 1104 229308455
533 627 405242298
2086 2153 883953972
3098 3703 309795464
533 590 339621455
533 675 692877710
533 696 859475238
533 639 25545765
533 542 399662381
533 953 711648382
533 1097 683013633
533 1180 983938977
2086 2631 164706955
533 744 787032621
533 774 809787699
533 836 870390253
533 642 6533761
2086 2178 279566806
533 682 222991936
533 1096 756323586
533 843 311103210
533 846 74696837
533 831 558424421
2086 2152 310252040
533 749 648861609
533 541 44429451
533 861 615722989
533 762 39791062
533 1185 774763942
533 823 437429394
3098 3692 717705274
533 690 159080316
533 547 189102729
2086 2117 621287318
533 857 290572454
533 1129 185968394
533 916 473974678
533 1039 586305970
533 976 251100563
533 801 392819545
2086 2597 276573956
533 854 825323067
533 731 483845785
533 1062 999614679
533 661 609756442
2086 2552 269258147
533 1050 711670331
533 592 796642285
533 759 67243052
533 1105 952956986
533 726 574802625
2086 2101 239316742
2086 2399 615150730
3098 3723 488204644
2086 2420 915624935
2086 2670 755205555
2086 2526 933672867
533 964 917600005
3098 3622 721101792
533 628 508085137
533 969 532621887
533 784 790697836
533 800 848564769
3098 3158 648311247
533 1097 886153670
533 1039 598705151
533 656 493715552
533 839 638802320
533 1032 138477666
533 1112 253859199
2086 2378 616355551
533 1130 208175433
533 986 537155547
533 784 493695011
533 1007 877447179
533 768 28510409
533 631 285138861
533 1091 842132403
533 1012 694565308
533 888 248667436
533 819 194537441
533 1089 997898553
533 887 744768028
533 1155 793936279
2086 2538 980030121
533 1069 624704303
533 1107 418997000
3098 3365 483505787
533 836 924998907
533 1032 287504240
533 728 233357477
533 559 590635145
533 1155 408714665
533 1097 6341334
533 756 262193838
533 657 555886009
2086 2480 358990338
533 732 639748576
533 932 905706338
2086 2327 296907189
533 1112 277670327
533 1064 902950184
533 890 60638507
533 1173 874612585
533 1181 247154423
533 616 881068030
533 1116 785641956
533 969 523745645
533 945 989734807
2086 2515 87795983
533 683 992196840
533 707 605235441
533 1113 295502519
533 571 425554939
533 875 96547167
533 687 899836423
2086 2132 2410723
3098 3640 676493918
533 737 365038701
3098 3627 200489056
3098 3255 59286244
533 542 16509975
2086 2587 720899188
533 962 973462273
533 654 201136723
533 757 491765548
533 974 672675891
533 1194 775129956
3098 3655 918716278
533 748 658651911
3098 3595 796220536
533 625 225574544
2086 2244 664763545
533 998 788112407
533 1171 920618482
533 709 66375758
533 968 976510639
2086 2443 20302748
533 1162 965216240
533 717 974813290
533 1075 44733087
533 630 523075666
533 838 350394864
533 1077 303535314
533 883 167696503
2086 2268 22465674
533 997 821480350
2086 2566 421817044
533 706 321147197
533 550 450287224
2086 2571 155030107
533 618 83591322
533 1133 843322758
533 758 273050596
533 955 473866875
533 827 803386592
533 620 637678467
533 813 372078184
533 837 636590134
3098 3424 381514522
3098 3475 915935305
533 970 22277108
533 1029 377453307
2086 2165 182110562
533 1205 984291535
533 976 639722157
533 1171 843536860
533 564 45963558
2086 2241 572122734
2086 2361 944724969
533 683 936645536
533 957 914690329
533 1201 976225577
533 1010 656748632
533 1105 584263960
533 830 973959296
533 592 974714327
2086 2513 12277032
533 633 377251233
3098 3597 465262489
533 993 523878067
533 554 788536659
533 534 16040350
3098 3245 179837540
2086 2329 564698329
533 1176 803325895
533 1175 970697340
533 885 344748826
533 1167 564252136
2086 2542 844992517
533 741 75083041
533 980 321214609
533 1119 754102396
3098 3329 222323907
3098 3486 761171941
533 694 216349445
533 1208 911183712
533 898 820445495
533 1026 792280810
533 840 102274846
533 1101 851381072
533 1177 5270131
533 1115 934425080
2086 2109 805288770
533 787 383755621
533 991 715589357
533 790 859484591
2086 2169 810666634
533 810 430179044
533 1004 645810383
533 948 927765167
3098 3634 787618184
2086 2500 748394395
533 594 869247843
3098 3349 880395419
533 636 231913429
533 1079 772327956
533 1031 1331939
2086 2106 137385198
533 611 239563132
533 692 311219112
533 703 17262722
533 547 390413981
533 546 822553607
533 1028 73110986
533 847 741745849
533 1170 55814212
2086 2529 712838991
2086 2149 783671257
533 1022 882182795
2086 2161 790642201
533 892 807805270
2086 2524 318879170
533 1082 231709852
533 1039 245511501
533 829 236532855
533 641 430067820
533 650 914147149
533 1097 848666590
533 1103 635654138
533 956 951649293
533 896 479872371
533 793 88318834
533 1129 865163180
3098 3726 376159029
533 768 459095032
533 1021 754585470
533 646 964909534
533 982 708437454
2086 2289 665680610
533 587 738386406
533 744 83022883
2086 2203 794118073
533 1008 797543531
533 851 156411555
533 1104 412624020
533 661 410360078
533 1053 944442491
2086 2403 595941038
533 605 4788483
533 1097 586506340
2086 2482 709476168
533 839 61379053
3098 3665 809739652
2086 2531 729407625
533 842 723410138
3098 3637 834009395
533 911 288746922
533 617 823001756
533 1000 679157210
533 935 814642788
533 845 971545674
533 908 936203355
533 903 668046428
533 633 151135393
533 1056 841545902
533 1008 645130922
3098 3693 661810001
533 669 353526766
533 631 528085349
533 1051 624632941
533 1053 235407301
533 1086 193962457
2086 2377 71031281
2086 2176 455218446
533 1202 92813390
533 551 613785736
2086 2490 943421162
533 1041 831038921
533 720 721449279
533 816 651702852
3098 3527 531886260
533 908 769734477
533 1089 809525307
533 564 677631789
533 850 118063484
533 989 908135216
533 932 778787477
533 1114 30958202
533 754 692081916
533 859 568083317
533 544 179932313
533 993 207669035
533 1019 820440999
533 727 906057695
3098 3349 515860244
533 1035 438409447
533 538 930728396
533 591 23001851
533 757 91860209
533 736 902246623
533 812 180766373
533 779 396210890
3098 3128 599259180
533 646 556489055
533 1006 920187617
3098 3573 309114815
533 1066 582896027
533 1196 369922207
533 1034 942224586
533 924 429775780
533 1059 931778235
533 664 948926766
533 1149 452866323
533 1005 925813766
2086 2268 105015641
2086 2386 500706383
533 1106 917827779
533 1189 389979991
533 1085 336631204
533 563 872412749
3098 3591 886200547
533 650 658919726
3098 3419 82159261
533 1083 538363138
533 797 167365589
533 1099 233953647
3098 3605 485513587
533 662 507345422
533 720 152465664
533 648 113414227
533 590 53913950
533 654 701275071
533 800 728712800
533 1166 850127915
533 846 748407529
533 689 203613250
2086 2640 680853970
2086 2374 388060789
533 636 39417300
3098 3175 287107305
533 1024 839266044
533 830 792429910
3098 3491 277994833
533 1093 977053279
533 803 248638753
533 659 529118543
533 1145 453221833
533 689 93929832
533 1206 560615840
533 705 407618343
3098 3258 561641954
533 941 272850314
533 926 804968818
533 962 202091688
533 592 273431054
533 590 937875407
533 1208 469856631
533 1078 712552597
533 1047 605108830
533 688 450864866
2086 2232 369924881
533 1087 891733106
533 1132 951892700
533 749 981851485
3098 3555 413163741
533 1056 64929819
533 1004 257108688
533 796 61334548
533 808 495725645
2086 2633 680518486
533 1189 423867854
533 793 15911130
533 1080 62777289
2086 2230 915906976
533 872 576490125
3098 3116 985503524
533 829 912383265
533 1063 638033813
533 705 586347469
533 984 502514237
533 798 691455924
533 558 191557501
2086 2545 455431834
533 910 351889271
533 866 503008371
533 987 984519089
3098 3707 449689312
2086 2395 552060886
533 995 134080232
2086 2213 397232860
3098 3405 539721602
533 1176 133716836
533 1079 328265305
533 557 686916909
533 644 199752667
533 1015 629458978
2086 2519 784885895
533 736 510240004
533 966 877029315
533 996 250991425
533 782 789133238
533 1048 330503716
533 575 545911453
533 667 113310170
533 1078 479871419
533 598 716971515
2086 2672 432829750
533 764 964950820
533 633 987735356
533 960 556561810
533 956 787959831
533 1074 441022294
533 964 614613851
533 795 127178678
2086 2259 293004943
3098 3518 428773687
533 758 317840770
533 964 207223739
533 602 127040719
533 1013 371476332
533 722 664801219
3098 3430 797110403
533 577 996400650
533 1201 256800479
533 627 461426170
3098 3738 536276116
533 752 943160532
533 758 922349042
533 937 576348773
533 783 422728946
533 965 715332271
533 610 33417785
533 1198 342122914
533 864 452581938
533 667 330961759
533 1018 30753862
533 639 774189890
2086 2294 181754717
2086 2670 679064888
3098 3665 292054531
533 979 942079925
533 554 853595999
533 634 858517897
533 862 735507284
533 569 781484434
3098 3541 857105288
2086 2371 893446985
533 943 776302244
533 677 470612490
2086 2642 28645842
2086 2146 964904763
3098 3312 85790036
533 782 398327503
533 855 615772125
2086 2632 832529280
533 975 320158546
2086 2474 842814742
533 690 888634115
533 1023 528604044
533 1017 317413532
533 1157 802924447
3098 3431 104986070
533 641 859014975
2086 2263 963186602
533 640 379700577
533 726 847413160
533 919 883441265
3098 3476 491251834
533 677 148830282
533 1080 55825193
533 974 884548698
533 890 415515448
3098 3383 288642575
533 1071 317872708
533 1072 719505290
533 574 901928881
2086 2093 182183907
533 978 410363096
533 659 279262896
533 710 726705476
533 982 516789021
3098 3457 200500853
533 708 224356266
533 769 412947313
533 873 85068070
533 1132 251347781
533 1140 809509049
533 749 787452825
533 626 966983225
2086 2498 484528803
533 1078 824610557
533 1055 77396376
533 798 576590696
533 636 862472865
533 898 142185928
533 1139 417399281
533 952 914016279
533 762 621851390
533 932 288663377
533 1045 785569319
533 929 345893614
533 623 730212737
533 884 389269438
533 935 432431788
533 773 962434375
533 1009 9197834
533 997 254847678
533 973 473160620
533 692 487820159
2086 2392 88915466
2086 2282 812901869
533 895 937435051
533 1071 359780872
533 937 703077442
533 957 510973592
533 830 855105763
533 611 803327707
533 1194 855006224
533 592 768994681
3098 3689 583476090
533 882 721097019
3098 3410 785755163
533 660 139462646
533 1066 644051169
533 614 839728198
533 629 510202386
533 650 427396431
533 741 3484089
533 660 603200813
533 962 649274545
2086 2386 188501062
533 962 215389390
533 1171 637013433
533 1183 990706264
533 1167 759954765
533 1062 662406619
533 1209 278507804
533 1148 412030766
2086 2454 257609558
533 914 184014448
2086 2491 367053760
533 1110 686018619
2086 2263 633642398
533 585 359376878
533 686 71916896
533 1180 990059953
533 771 801510472
533 1148 77168428
533 735 839648716
533 1113 157376636
533 1125 442478073
533 762 108650489
2086 2217 460712641
533 1101 75020697
533 1020 872291217
533 1079 390747936
2086 2180 857653941
3098 3729 209894519
533 877 407629564
533 582 415508591
3098 3505 982603501
2011 2967 817707919
533 846 552756801
2086 2166 899496951
533 1002 299492829
3063 3931 66158045
533 712 323377262
533 997 774797067
533 916 289727833
533 1201 42496561
533 852 310000106
533 928 712996780
533 680 272134445
533 946 133202176
533 1207 130845471
533 1113 767037450
2086 2360 153569441
533 564 293889915
533 1102 589397851
533 808 504089123
533 792 871260288
533 868 197122719
533 671 278724450
3098 3177 726018803
533 1026 659176911
533 723 851154827
533 856 548196380
533 606 558067464
533 1145 282779255
533 1017 394770252
533 981 499779188
533 754 613274411
533 912 581451975
2086 2191 336402090
533 587 630601969
533 882 859603680
3098 3438 634151192
533 765 860855467
3098 3334 797227825
533 1155 313966953
533 895 682049314
533 799 310522998
533 1130 455452300
2086 2564 781303289
533 630 450489697
533 585 520771885
533 780 775762905
533 1198 743576393
533 805 577262913
533 1199 40523903
2086 2513 73967348
2086 2365 122486905
533 866 158063751
533 851 247462084
533 1202 486879427
533 722 243202732
533 719 979406029
3098 3463 768668149
533 547 267790072
3098 3221 427293883
533 537 706511543
3098 3462 836268761
533 625 983283469
533 922 762780542
2086 2098 26090329
533 663 856946208
533 938 126373243
533 1055 104979506
3098 3638 714226549
533 799 623715172
2086 2117 188664526
533 601 222774146
533 1088 39912176
533 568 902902774
3098 3224 6791654
533 1189 188518981
533 1011 845565133
533 738 939712492
533 926 110160018
533 839 397527252
2086 2489 479536694
533 863 331463111
533 969 399419757
3098 3107 331067192
2086 2371 151842811
533 695 617366869
533 584 156706608
533 595 789929188
533 836 240938020
533 927 941820942
533 828 898750566
533 1109 135138543
533 930 5129032
533 801 848126592
533 769 51586380
533 805 386419802
533 1182 480963641
533 1159 129390049
533 1048 357610226
533 1100 991588225
533 602 540538082
533 1191 662028056
533 559 735239623
533 1180 867146842
533 615 87953629
533 653 869579752
533 597 576916846
533 875 176581899
533 1132 632091673
533 1127 368834032
533 1124 968762832
533 794 551728472
533 765 615928764
533 1200 211179626
533 544 308364979
2086 2468 709429209
533 1022 884814807
533 645 327775369
2086 2367 930813436
533 743 182958601
533 656 714580663
533 868 399189802
3098 3662 723385939
533 732 205308619
533 1135 680801921
533 653 203247301
533 1005 943482755
533 1168 763648916
533 633 555787378
533 690 843266141
2086 2229 202546520
533 939 650865773
533 876 350269921
533 534 544847818
533 898 397920955
533 845 942179581
533 998 204099307
533 1060 827920195
533 1083 272230671
533 790 21615028
533 1171 761486667
533 1107 999052523
533 845 824250150
533 559 965075134
2086 2527 203639235
533 1102 87963588
533 1065 547450770
2086 2184 94521674
533 887 68833945
533 637 749441392
533 562 209940014
533 695 839645284
2086 2606 911148683
533 612 236557266
3098 3357 609883283
533 875 722004081
533 1010 966636686
2086 2149 65706439
2086 2288 246325415
533 1188 641403016
533 775 52640489
533 793 226664002
533 994 636809160
2086 2395 536315422
2086 2460 602008668
533 659 456540469
533 848 913208566
2086 2661 861214276
3098 3355 972999706
533 671 795815648
533 1130 434226438
533 615 421734768
533 548 729662387
533 945 225737611
533 1034 680065536
533 885 985073941
533 951 513912822
533 637 414992019
533 733 169963259
533 1085 949501651
533 1076 515451742
533 696 23801496
533 1194 130571815
533 807 456754923
3098 3124 495020060
533 556 857202473
2086 2367 224219760
2086 2154 367745488
533 786 129043829
533 749 159534335
3098 3286 153314082
533 925 118426779
533 773 312461920
533 617 654591602
533 1152 339360663
533 779 702553061
533 979 918379957
533 915 133893828
533 910 971470300
533 1187 57423530
533 1150 863872017
533 1130 284025858
533 978 684095554
3098 3565 218945548
533 685 680695737
533 1126 250083717
533 731 412934676
533 856 25004509
533 1083 295473251
2086 2304 337759402
533 1178 505244419
533 1081 425812925
533 811 70663854
533 1203 74954712
533 835 706124040
533 1057 719402138
2086 2161 902032575
533 636 196842048
533 776 868244465
2086 2529 726199741
533 1195 235316813
533 844 830537577
533 693 260461323
533 746 346638866
533 1138 51295392
533 853 596273948
533 553 186082811
533 1135 12629094
533 573 329422796
533 1175 876903618
533 995 802756674
533 953 395921209
2086 2132 369504296
533 1014 817328105
533 879 263701643
533 1185 145043274
533 888 322767653
2086 2667 870228433
533 760 115390823
533 635 428828938
533 634 878958475
533 883 392506420
533 729 138169418
533 819 238332443
3098 3168 5469512
533 1170 486920865
533 860 349852490
533 1061 50438756
533 789 417242593
3098 3583 164668820
533 587 849050326
533 720 96525631
2086 2154 625639548
533 892 851066875
533 805 720411407
533 1163 746214885
2086 2116 146499723
533 782 904907176
533 949 718693995
533 822 731905054
533 635 61687600
533 1184 28558944
533 598 56280568
533 742 196105061
533 603 472126889
533 1110 574912830
533 555 928614869
533 784 449006772
2086 2552 938685815
2086 2146 256848364
533 953 96880441
533 580 480815140
3098 3699 797637471
533 728 932544899
533 1061 358313824
533 610 112806065
533 1157 540054241
533 1104 487203154
533 1088 702832162
533 694 43349180
533 550 224805602
533 1020 94264973
533 1202 692372401
533 583 326418054
533 1137 846936612
533 604 849576048
533 802 975986292
3098 3105 585557376
533 584 334486048
533 805 435435992
533 868 70514661
533 817 380946064
533 785 206041780
533 881 461048769
533 1063 470588327
533 773 885146813
3098 3198 526465551
533 844 411648029
533 986 846238278
533 592 634687217
533 842 772630894
533 969 736920254
3098 3598 971635397
533 576 549840712
533 1111 38671487
533 1021 822042419
533 656 976454258
533 734 771818216
533 1048 271434097
2086 2170 115791442
533 966 817012867
533 829 995360807
533 748 171519553
533 1102 241639683
533 577 912573291
533 702 469700428
533 1194 204177424
533 922 80346397
533 860 731134916
2086 2560 882088692
2086 2636 882077628
2086 2613 185387182
533 1009 761010008
533 1130 478848892
533 1071 894185787
533 563 136785813
533 616 945144892
533 726 243705922
2086 2163 710308937
3098 3369 666287317
533 570 302042540
533 992 871957257
533 780 601843905
533 988 373433127
3098 3572 249693960
533 1164 193108124
533 1001 909513950
533 628 594526067
2086 2383 760068834
533 1003 731293444
533 705 78474047
533 1127 872686464
2086 2599 605881733
3098 3596 10193710
533 651 993390688
533 1099 360874405
533 736 732381011
533 978 420802087
533 885 450863130
3098 3514 660144691
3098 3469 120551241
533 746 192895440
533 883 6595048
533 1191 266250607
533 765 469173674
533 616 884629819
3098 3417 491377165
533 685 359375543
533 1076 329963765
533 666 253254817
3098 3654 765171996
533 942 543287838
533 574 56580867
533 557 39825785
533 544 908232942
533 1000 73112659
533 718 566496586
533 680 520227510
533 621 512586772
3098 3324 123205022
533 1154 943385816
533 921 513715641
533 988 643445997
533 849 564512969
3098 3426 695555225
533 1086 81155865
533 1002 668302966
533 837 952693830
533 906 338722163
533 1188 688134652
533 857 88576309
3098 3433 544414766
533 968 952638883
533 624 766798518
533 1159 945808498
533 1016 16519786
533 568 12390665
533 947 441740985
2086 2200 648185493
533 1050 868252607
533 1077 938887205
2086 2568 238491083
533 1070 369506403
2086 2110 769372059
533 555 135632620
533 787 296709315
533 643 386459354
533 1198 398405274
2086 2109 417524651
533 1072 173338660
2086 2545 802507193
533 539 567336682
2086 2547 460868060
533 1061 229931674
533 1120 712263892
533 1127 220620666
533 1140 972387807
533 952 727489404
533 1090 449168014
533 812 688630748
533 568 322307646
2086 2367 213738718
2086 2436 178879849
533 899 814702378
533 736 676130334
533 963 790451370
533 880 471833555
533 822 504443143
533 1009 938993445
533 1195 54652023
533 1169 84757548
533 959 983470102
533 1112 445624527
533 1095 505782318
2086 2399 648410414
533 1045 395496040
533 1065 774095329
533 1178 47117631
533 698 822000461
533 651 940276868
533 1180 313192089
3098 3481 797692935
533 802 3685740
533 773 100232278
533 915 366577047
533 1102 364785470
533 554 450696347
533 869 980540620
3098 3588 329839309
533 1018 365886342
533 916 975159174
533 743 52442548
533 781 341760438
533 630 259195092
533 668 897362404
533 842 997393043
533 922 684452988
2086 2571 548050752
533 732 131330368
2086 2530 732794276
3098 3591 739355484
2086 2155 772067485
533 671 595055511
533 876 366567156
533 884 778742642
2086 2492 537638726
533 1072 195442179
533 643 930387349
533 646 773058848
533 757 923346272
533 1178 491822495
533 1070 780382278
533 1050 608832812
533 1008 247884140
533 748 988709293
533 952 582752502
533 1160 280857706
533 981 124581043
533 731 953925214
533 1070 537988488
533 1192 406341321
533 842 10534219
2086 2109 534681920
533 1202 839869566
533 1204 75413689
3098 3721 84046432
533 942 827087161
533 854 11756338
3098 3625 510959906
533 726 937742456
3098 3248 115719962
533 853 354139677
533 1035 225995106
533 963 692758994
533 660 337600161
533 1053 540849753
533 548 841153307
533 1102 800949165
533 1179 855801375
533 612 897050400
3098 3620 267766202
533 1032 716654310
533 1117 302021235
533 1125 432913665
3098 3211 373796114
533 993 62485783
533 752 831090069
533 765 874394135
533 584 490693551
2086 2594 110289348
533 827 684953067
533 939 159996374
3098 3390 552279236
533 784 200364621
533 552 923451042
3098 3723 54429711
533 837 1689036
533 663 202265310
533 700 777788455
533 640 764156321
533 944 850066264
533 921 334299134
533 868 317050017
533 845 132376779
2086 2132 297553057
533 537 120196340
533 882 281395883
533 1085 468449152
533 1150 159355029
533 940 8367849
533 770 821016843
2086 2107 707215009
533 1089 55691224
533 936 330311555
533 575 755106756

