4562 4032
612 973 958358456
612 1025 193784146
2139 2425 969736423
612 1033 506682752
612 726 72516682
612 771 393317954
612 829 396668312
612 906 103072959
612 849 671286734
612 948 735517008
612 656 612714136
612 882 503245116
612 992 457422219
612 733 950357907
612 1055 520128766
612 1040 687409222
612 1032 109999180
612 613 941883654
612 831 956568694
612 871 415180368
612 1112 147487140
612 1081 135106330
612 1114 125659744
612 1028 81262734
612 828 314391428
612 764 4133683
612 842 598839170
2139 2386 827850095
612 871 408213078
612 758 433179600
612 1106 914256698
612 639 761550130
612 1157 789824241
612 935 208654026
612 975 427964155
612 1009 616453380
612 1044 110201479
612 976 195881900
612 846 379659485
2139 2680 235056094
612 792 220181700
612 940 485559767
612 928 823393056
612 1035 782011482
612 883 858528276
612 959 275829579
612 621 387921196
612 1025 680364689
612 1125 915500100
612 716 963017540
2139 2830 427605362
612 711 635792388
612 970 456080584
612 848 502142035
612 1057 50327974
612 789 730003106
612 962 394964584
612 834 108381251
612 917 548157948
2139 2448 629080903
612 1096 45287143
612 936 719657711
612 949 570700738
612 818 135121782
612 652 875870424
612 1005 120412472
612 1100 782866284
612 732 802257026
612 797 959197130
612 631 586232749
612 725 316564650
612 735 618549830
612 1096 925029202
612 905 8769301
612 653 223666512
612 944 857159188
612 638 949224405
612 926 558442200
612 684 765243688
612 815 168664488
612 675 641257014
612 975 583414316
612 1145 24744300
612 758 784750688
612 903 167895902
612 1007 374076322
612 905 861737579
612 1034 781071336
2139 2654 935422974
612 1093 880456583
612 764 635519758
612 799 874609578
612 1008 752862473
612 969 522196673
612 621 130569605
612 695 460225508
612 1138 870015866
612 905 728818906
612 1108 804955984
612 767 517667379
612 652 398547696
612 1026 678265650
612 812 976343969
612 980 540196522
612 839 611554414
612 1040 43688317
612 1136 397349670
612 1084 81751420
612 961 47418854
612 1075 848506043
612 638 895443459
612 1053 746249235
612 1003 405426708
612 856 605350500
612 664 767238047
612 784 497328833
612 688 271318443
612 1072 920240929
612 847 180198186
612 658 940302624
612 748 489764739
612 897 376109934
612 932 489061833
612 874 774492742
612 688 338009585
612 779 106610216
612 961 941530754
612 968 729602567
612 1121 851053807
612 748 225130090
612 729 618403365
612 1096 624935729
612 1125 852572603
612 1047 447363633
612 933 402181614
612 753 892624285
612 1142 750371485
612 685 639319701
612 810 488378402
612 924 447224210
612 904 118466232
612 729 428031940
612 830 965216950
612 990 144350972
2139 2523 875562333
612 713 168882489
612 988 384978303
612 748 348889213
612 772 969398327
612 1035 220295856
612 870 476202617
612 934 882219936
612 953 309519036
612 908 397302845
612 635 615816799
612 1123 650981303
612 724 811998882
612 876 904754614
612 924 228753269
612 804 89911292
612 1061 37670159
612 832 113280449
612 890 17737408
612 817 15013640
612 1059 736647719
612 719 867926484
612 818 346420675
612 695 265181993
612 806 326407924
612 1103 589178544
612 653 549126785
612 958 691884542
612 642 312603448
612 1033 775350034
612 1158 839239429
2139 2449 997994800
612 668 280655711
612 1077 955901291
612 801 295995951
612 986 957074405
612 737 73334087
612 680 403787430
612 872 319208617
612 763 708016942
612 697 37703831
612 850 448105842
612 1116 308451847
612 679 254348878
612 920 898854227
612 630 871307687
612 795 734414198
612 718 353249585
612 1067 230847043
612 1113 155777581
612 1070 15266497
2139 3054 657569501
612 827 907481657
612 881 184551819
612 831 10861206
612 1019 374371451
612 791 827759704
612 1134 190998002
612 654 880154875
612 1043 995449860
2139 2579 917995993
612 984 227977901
612 937 549790857
612 774 435888618
612 630 962533785
612 1051 478993774
612 902 175632469
612 1093 64080093
612 941 36573063
612 803 386901737
612 1131 431885881
612 942 570942076
612 952 577704050
612 630 60427887
612 936 852474962
612 747 993870601
612 615 873523468
612 963 391296819
612 665 735691580
612 701 687485281
612 642 847139353
612 846 416390919
612 1091 908642985
612 624 900031056
612 763 568593717
612 1052 520504204
612 657 485840514
612 759 964004664
612 772 648026338
612 1029 940041246
612 913 683113796
612 1101 752113812
612 1030 935766355
612 905 683489677
612 869 669343296
612 929 584831064
612 897 136314329
612 972 933967035
612 1124 480629191
612 1023 129600671
612 927 518694816
612 1090 318070710
612 615 408641356
612 779 469636700
2139 2847 73589300
612 1026 561156108
612 1030 109634602
612 1098 655020896
612 849 185058055
2139 3118 542740746
612 782 949584572
612 748 258237629
612 620 267522341
612 1145 500460970
612 1049 252952440
612 737 506418792
612 1100 209271902
612 752 259754842
612 916 955089923
612 745 288537870
612 871 690563513
612 1047 55096860
612 658 177123556
612 1023 408330540
612 770 879861541
612 619 43350816
612 902 554589547
612 927 414361857
612 619 1027754
2139 2491 881102143
612 906 347366164
612 1088 894603676
612 694 791008920
612 769 180446453
612 781 220669072
612 719 803990994
612 1081 318755985
612 1086 399783026
612 888 980960774
612 1154 865852139
612 858 386787172
612 1011 512517137
612 1124 11171878
612 1148 212713321
612 937 986336384
612 742 481006521
612 849 219079531
612 918 214882790
612 877 308325205
612 764 812120363
612 623 691624251
612 885 669474185
612 1147 523556027
612 954 290739234
612 628 105534965
612 927 681935685
612 964 254569249
612 1008 482567176
612 915 995434198
612 887 503160268
612 843 173766056
612 723 209722054
612 1007 480940339
612 1102 240871842
612 816 78795212
612 1015 223310556
612 992 424397898
612 677 39692927
612 878 280843873
612 1120 625454197
612 921 988513593
2139 2443 521148495
612 886 595809000
612 1095 132757470
2139 2354 651769835
612 1068 197612265
612 778 581493428
612 1117 895007663
612 642 227653412
612 1012 280607538
612 769 788573635
612 1069 942304717
612 640 806848546
612 847 97904710
612 739 327314908
612 833 642477246
612 1044 330994829
612 979 917776431
612 755 411552462
612 952 508795168
612 1081 489998416
612 817 353370421
612 1003 1640160
2139 2249 593620400
612 779 840761325
612 1008 161520102
612 913 911092330
612 1000 936348246
612 1106 652187105
612 851 58478632
612 1112 936991829
2139 2652 273655514
612 929 53072705
612 940 816972971
612 681 551260068
612 1086 163810420
612 1070 261098766
2139 3066 896761138
612 940 509965561
612 1090 667344630
612 832 849755913
612 837 279800108
612 886 432341903
612 668 61024070
612 752 687799574
612 1136 911774413
612 1069 246685049
612 923 855295118
612 891 518650141
612 907 342019686
2139 2284 124240225
612 996 886200407
612 969 559200019
612 889 414187245
612 1100 52734886
612 1103 678950197
612 924 200170568
612 691 422977565
612 890 37201623
612 810 994343350
612 833 254237125
612 669 843550648
612 918 121348664
612 673 94881629
612 1044 164828141
612 617 667974218
612 1106 237574964
612 824 806960964
612 1109 588980455
612 1122 617487599
612 1008 815058831
2139 3096 416328910
612 928 407745164
612 772 631374319
612 812 317040692
612 656 716184014
612 1034 85356468
612 758 280848891
612 634 332765015
612 970 773979518
612 1009 824747830
612 1145 885807850
612 1054 912084682
612 965 223437981
612 784 337165085
612 843 884122089
612 1098 98150217
612 1072 922075639
612 736 130317420
612 1126 161029927
612 799 590701763
612 687 921989553
612 1120 917578249
612 711 908394431
612 664 149927989
612 1154 462100225
612 632 547774464
612 683 404127890
612 751 826926152
612 877 661535244
612 994 367977476
612 791 974491720
612 845 887235910
612 774 494066338
612 815 34835051
612 1155 72791000
612 789 723521378
612 1086 391521010
612 743 579332759
612 703 923705883
612 1124 148299402
612 968 904789104
612 693 841452487
2139 2963 317326375
612 736 985405671
612 866 513806988
612 866 648442703
612 700 740418089
612 791 975530754
612 910 218712169
612 983 53287089
612 753 586465976
612 1077 101678137
612 629 290116149
612 1120 912969061
612 921 2224745
612 871 839281883
612 1113 502081229
612 662 553534065
612 803 221569939
612 738 23060769
612 1111 68091714
612 1121 872911365
612 785 335776826
612 945 811228703
2139 2720 196140455
612 1148 131323331
612 919 872522394
612 817 136213453
612 1042 669322053
612 1135 136123739
612 1025 804715301
612 924 967614301
612 942 347867883
612 868 69951312
612 649 963386751
612 1126 235804875
612 682 711159330
2139 3006 43411941
612 1155 302715649
612 779 127879273
612 795 804810593
612 1045 747901134
612 730 305318824
612 681 118505966
612 1070 953588388
612 802 126500871
612 857 906231822
612 757 442567964
612 1132 944085604
612 1117 276605298
612 768 171555386
612 986 283117602
612 975 351893203
612 653 172787024
612 1124 962152711
612 706 842461975
612 1093 26624866
612 1156 726887646
612 939 13159389
612 1119 644433221
612 894 657694646
612 760 349512678
612 974 23860332
612 637 787128090
612 1124 663597494
612 935 491766654
612 637 175413739
612 1029 846774258
612 1108 916764227
612 815 155620593
612 984 480115384
2139 2190 389037465
612 799 568724393
612 727 193204387
612 720 982904967
612 706 768464894
612 812 655007281
612 957 230580314
612 934 419848821
612 778 304972720
612 1079 271390486
612 703 392708422
612 891 275459372
612 1082 611567931
612 982 861372148
612 774 283231195
612 1138 691857331
612 820 307169589
612 656 147125638
612 909 927205962
612 805 310417278
612 904 595183188
612 1102 768101374
612 844 642275154
612 647 415014950
612 782 901747457
612 756 181754251
612 685 342350795
612 764 280226398
612 989 723977859
612 947 180744129
612 993 85636018
612 904 282335901
612 888 24849362
612 1096 682720330
612 876 865314516
612 683 885895622
612 829 189423904
612 990 310870912
612 977 301675855
612 673 27679294
612 757 89077606
612 699 150088561
612 806 998319347
612 692 95289425
612 897 112433159
612 619 733446283
612 685 263187309
612 852 334433964
612 1144 194732642
2139 2229 165359025
2139 2899 333047101
612 881 242228865
612 612 400736983
612 692 7560168
612 1150 228363161
612 901 321455014
612 927 496624733
612 773 191524930
612 743 732898933
612 722 851810841
612 973 826325398
612 1111 540463508
612 928 306215847
612 769 502078909
2139 3047 235402882
612 643 135714946
2139 2719 363466791
612 1051 793708401
612 852 379851182
612 821 862211338
612 754 528227048
612 802 711871531
612 1091 42422529
612 718 490074851
612 1003 406990346
612 676 360251725
612 1066 834228272
612 760 728944126
612 735 504929122
612 762 429400038
612 1004 354593236
612 926 51775707
612 913 712674161
612 1043 906868814
612 921 198615942
612 951 65862692
612 985 488766854
612 779 702771922
612 868 153776797
612 857 844327313
612 873 350282077
612 905 30203306
612 688 471687940
612 1029 383245320
612 799 152869487
612 797 526347963
612 930 742439024
612 1031 690181915
612 674 734008312
612 830 184810629
612 805 348843089
612 663 735319540
612 1078 663262207
612 821 86746327
612 974 515761196
612 875 583676057
612 1056 528427552
612 1050 226147806
2139 2923 919490391
612 1024 74078540
612 980 593733802
612 1131 103810292
612 756 811505468
612 720 723721968
612 702 344341246
612 966 89442523
612 662 134099865
612 916 31860514
612 956 328922018
612 778 272647635
612 1054 454143527
612 660 561361574
612 1160 623576567
612 788 655495231
612 913 231051750
612 999 745219464
612 801 342529888
612 1034 188012118
612 1017 152979347
612 1065 554401943
612 1155 459140479
612 1065 774316266
612 735 686730902
612 1121 370411262
612 628 848991678
612 736 41816835
612 1063 771758712
612 962 183251553
612 1121 852423439
612 731 619971945
612 1051 91074222
612 767 359377720
612 1067 817173929
612 794 314465591
612 807 72254682
612 619 692748922
612 615 209670590
612 819 36625070
612 858 933244069
612 1035 147760747
612 807 247032898
612 990 940142529
612 761 72145322
612 843 320115636
612 1078 221981363
612 864 983163668
612 624 845077891
612 660 731041071
612 1042 544871003
612 748 101701202
612 871 102469469
612 968 435340819
612 836 404808096
612 887 536184407
612 1003 748319214
612 753 478098541
612 945 831096002
612 827 53273293
612 1150 488363407
612 1043 10267045
612 661 912889030
612 813 649407984
612 1046 703834892
612 1043 778655545
612 732 266710317
612 865 329613311
612 1121 29231586
612 915 486119147
612 630 589789642
612 808 767897078
2139 2561 669412336
612 832 200391393
612 1049 543191424
612 1055 965071181
612 690 774150288
612 894 745465728
612 819 582326966
612 1024 47721355
612 781 698291552
2139 2503 127936983
612 1082 565411522
612 854 898287407
612 1022 695608553
612 1130 145329415
612 746 632838796
612 771 771183545
612 963 111370300
612 754 806352529
612 1091 822259489
612 1128 60620123
612 941 547686264
612 753 122875088
612 993 386626936
612 628 632495725
612 1030 562620694
612 614 916444061
612 913 885718672
612 772 137780999
612 1001 380005038
612 628 571277998
612 701 336450426
612 894 585522542
612 1089 292059986
612 1057 307004751
612 950 355862202
612 802 13679504
612 669 851356778
612 983 674075158
612 1074 401374178
2139 2352 62318494
612 717 231482928
612 992 244019753
612 951 857874439
612 1039 840973250
612 672 592393992
612 1140 735797081
612 1111 675537932
612 782 243948990
612 691 283933338
612 681 888332898
612 748 458899443
612 972 84884748
612 881 197656202
612 942 291889193
612 960 774832084
612 946 421141722
612 1029 781986963
612 711 634793772
612 865 753846523
612 822 929240166
612 666 9908145
612 763 63057889
612 730 689672682
612 827 553777148
612 631 283887361
612 630 372839262
2139 2224 777711381
612 914 48039651
612 782 894971717
612 924 141217546
612 745 110230596
612 663 193716494
612 857 931820968
612 814 167629079
612 660 286302898
612 889 23502421
612 921 717705260
612 720 368048149
612 1136 344934869
612 894 200605941
612 1035 342178398
612 773 387437466
612 1069 744858597
612 659 474316671
612 1092 560392523
612 887 37833735
612 742 644529023
612 1020 169421077
612 613 692166426
612 693 430017607
612 798 899100699
612 926 662426355
612 923 16638097
612 630 634763487
612 877 528283119
612 1092 746150966
612 698 638822509
612 793 207674750
612 993 11778184
612 1122 396805701
612 995 305463822
612 810 49457354
612 942 357211786
612 1155 514882567
612 1059 653166108
2139 2949 677140707
612 739 15854164
612 810 177157518
2139 2421 225460857
612 1116 72833946
612 626 564319762
612 737 400398160
612 893 468484738
612 844 69797227
612 807 172817049
612 897 690001050
612 859 148332681
612 629 22832268
612 613 350609885
612 995 293997746
612 651 580036034
612 724 124328494
612 988 506061576
612 1040 86134862
612 1047 492724564
2139 3116 996139316
612 787 635801112
612 823 352351911
612 985 137906576
612 803 643247618
2139 2730 483612117
612 723 992453078
612 817 148119278
2139 2707 21770661
2139 2781 335692003
612 797 612832354
612 1160 847674617
612 727 207243346
612 855 207300894
612 1014 281316659
612 1134 64720039
612 1013 131447789
2139 2335 357438577
612 1158 504598395
612 969 569478618
612 894 911679026
612 648 841733625
2139 3007 18290788
612 696 27338216
612 1024 866249802
612 1014 716907371
612 633 728693967
612 1044 658895847
612 879 746213350
612 747 216560678
612 976 705207409
612 772 264717688
612 1025 517265889
612 1072 224701980
612 757 40953510
612 845 298924607
612 947 5927438
612 1126 67902427
612 993 849352294
612 1144 493133499
612 834 382062959
612 1137 7206270
612 1092 280599014
2139 2911 782786987
612 907 823354288
612 865 649976137
612 1093 726995940
612 982 741315899
612 870 926992801
612 1130 889022895
612 818 98994028
612 784 597228543
612 801 412358896
612 848 996533072
612 988 362059193
612 628 483298262
612 918 537948309
612 1088 762502026
612 873 705753056
612 1032 589864855
612 765 846184484
612 664 862616779
612 1140 33902405
612 688 610077478
612 882 580474891
612 976 360536855
612 900 115163876
2139 2993 192369134
612 893 718879752
612 1113 26329307
612 732 956947024
612 643 723194419
612 683 252616230
612 1114 979874296
612 725 918926805
612 824 590696852
612 899 189219475
612 641 891652587
2139 2148 334198305
612 953 918073368
612 644 661990812
612 825 679588429
612 630 392771391
612 860 570167450
612 993 979217094
612 777 487658268
612 1057 27959047
612 744 739637096
612 1002 954439828
612 975 467900574
612 1127 497356142
612 835 502548854
612 932 798575662
612 894 699104335
612 1150 58696063
2139 2903 466816604
612 952 843908468
612 784 167825375
612 668 365272666
612 962 7012209
612 627 51194248
612 773 413211931
612 647 125738389
612 1141 235090770
612 850 110079040
612 740 277012904
612 1149 992442750
612 806 932761997
612 1156 73553273
612 877 115206062
612 1142 109365186
612 994 858194749
612 940 751805783
612 671 464788722
612 644 520154085
612 1133 402604171
612 752 697883961
612 813 590966576
612 794 37507914
612 717 180534239
612 1116 474690561
612 863 572096741
612 984 741029753
612 1025 452685878
612 792 353114558
612 630 316765525
612 921 391384179
612 978 700271133
612 1022 69840574
612 1034 124297258
612 641 902650640
612 1003 191888288
612 795 177045124
2139 2520 413865585
612 792 606138929
612 1021 604113213
612 1056 118324585
612 710 270855795
612 1038 564983826
612 980 429396473
2139 2628 227706103
612 1152 827479455
612 1046 459647043
612 720 224980838
612 1115 152717406
612 981 62438187
612 1013 990753245
612 637 398343781
612 988 579706112
612 1122 592805794
612 875 360714443
612 918 258211326
612 873 332381489
612 927 246421143
2139 2246 921342841
612 788 367024242
612 1141 837396791
612 965 634694264
612 1091 385345204
612 749 651943217
612 1001 734492443
612 1144 18063553
612 1100 250136852
612 706 884693826
612 923 903080194
612 778 170684719
612 1146 910292355
612 1068 173007601
612 995 9406198
612 704 467534746
612 784 544501230
612 842 484793934
612 616 46144375
612 988 851346907
612 689 651671473
612 1045 13726203
2139 2976 938658710
612 641 572395455
612 877 173530919
2139 2897 504950963
612 1021 767736439
612 625 854996132
612 875 439980733
612 992 899895731
612 942 595165625
612 849 6317242
612 721 618618410
612 670 272707053
612 931 983186244
612 1032 420481685
612 1064 892917941
612 663 125607871
612 654 864153389
612 755 286500024
612 724 945568182
612 755 13123826
612 1113 531630713
612 842 682778192
2139 2743 381484670
612 906 154265678
612 738 275999412
612 1095 824873624
612 753 320272830
612 738 434206439
612 1074 616394009
2139 2686 713725084
612 618 699625479
612 615 985296157
612 822 793692977
612 984 12173182
612 1064 717243367
612 867 695473376
612 789 820568406
612 1109 694741948
612 901 62239807
612 863 56046973
612 1066 574580965
612 899 110332656
612 1054 395657494
612 647 43733118
612 661 172018691
612 990 141478763
612 988 251803602
2139 2585 805517043
2139 2550 233138565
612 703 564938131
612 1017 247174375
612 614 569918956
612 1110 841131120
612 979 923718279
612 882 740784893
612 824 741780302
612 1127 473510710
612 1116 176975524
612 832 34937560
612 1142 470525947
612 1061 326616998
612 670 824826221
612 945 957334819
612 853 698132660
612 1027 637747048
612 1150 10604714
2139 2389 245085042
612 892 574559041
612 877 971925019
612 1116 338579801
612 691 4595290
612 759 995213585
612 850 108052227
612 1049 225880578
612 1154 828490875
612 893 465579468
612 823 630254350
612 1009 223405001
612 846 340508571
612 698 68065356
2139 2912 930622780
612 703 123911261
612 764 274811504
612 669 75621968
612 711 681915547
612 836 376680585
612 1071 196515980
2139 3084 551600680
612 815 730857127
612 1145 989917221
2139 2887 825498578
612 613 688744917
612 1146 734497847
612 933 401486858
612 1057 328563062
2139 2565 697494174
612 1052 492345784
612 889 205195754
612 631 682679731
1836 3166 545687844
612 1070 579753910
612 1019 124542633
2139 2334 163971383
612 882 267612183
612 998 571076451
612 1103 724563221
612 670 385597847
612 915 850838433
612 977 879876404
612 941 293063770
612 891 89984739
612 993 492853402
612 771 858925441
2139 2323 108243126
2139 2442 87726996
612 1099 990750508
612 765 69787694
612 834 851325553
612 773 350479105
612 688 966006870
612 1155 636578478
612 864 94445200
612 961 402647598
612 1050 976512082
612 1159 6246393
612 717 555136960
612 1115 436236164
612 623 267601800
612 929 156133856
612 857 598384588
2139 2917 485175607
612 956 132498229
612 1000 855583865
612 786 575458897
612 757 129646780
612 697 894477851
612 682 386706447
612 676 196857628
612 645 284980592
612 1017 586223205
612 839 626438942
612 984 488096840
612 1120 532510449
612 712 397918820
612 1118 671007631
612 779 528768024
612 918 81920858
612 725 212500198
612 1123 105302162
612 1081 40745662
612 679 697191272
612 615 851238163
612 904 200976813
612 854 993105362
612 1104 752922730
612 682 957755845
612 987 222942782
2139 3051 910220550
612 1137 676760484
612 645 124898931
2139 3099 760616608
612 861 433946972
2139 2494 397307796
612 765 278853328
612 960 984549454
2139 2779 984918205
612 1050 497936298
612 1110 345064040
612 987 939267752
612 649 395495989
612 947 703481069
612 986 320505268
612 669 860817809
612 861 202397808
612 766 520630143
612 1142 862146736
612 957 819456825
612 640 325718084
612 774 763255531
612 919 75627183
612 752 500640980
612 987 381803188
612 746 19321225
612 657 764947018
612 1153 208650983
612 772 52496626
612 674 472168218
612 862 58359209
612 683 658616581
612 967 92435494
612 875 422715101
612 930 790066828
612 1101 904420468
612 1046 814140121
612 695 293979463
612 1113 37201502
612 1089 606327062
612 661 145281691
612 996 854961924
612 999 671691877
612 678 601385909
612 769 630679771
612 1028 376385904
612 778 915138290
612 791 636710773
612 628 938084624
612 672 709318644
612 950 512820729
2139 2865 107455732
612 768 567948846
612 930 857509621
612 708 732278385
612 725 399486777
612 691 228819371
612 864 961085518
612 1142 473109441
612 1044 635829298
612 645 350907618
612 1079 384171042
612 1147 991859835
612 1128 653126711
612 650 394689385
612 1014 517900810
612 1136 469484026
612 794 104717237
612 884 95009433
612 1118 373634321
2139 3033 518411336
612 1125 34466716
612 1127 154375419
612 1037 660002092
612 1028 958370019
2139 2723 277352195
612 1025 422952236
612 767 816969008
612 613 128344236
612 1138 346097200
612 614 278106058
612 672 499636264
612 881 833078974
612 916 175425336
612 928 831489628
612 1085 713704646
612 706 273254647
612 818 19496021
612 624 724547394
612 736 68426692
612 743 272931204
612 995 561633733
612 1070 507877663
612 732 962363761
612 760 78371904
612 1098 647494048
612 897 681225946
612 833 248190057
612 841 267993428
612 866 128424561
2139 2658 604085346
612 631 44806412
612 825 142851697
612 1113 944257784
612 836 729522755
612 1132 559092701
612 807 332133888
612 985 137317640
612 1067 437397854
612 867 870474110
612 699 22564780
612 1017 66598346
612 672 37272246
612 819 554722610
2139 2269 514242477
612 826 782457795
612 1151 779440430
612 799 290797914
612 1112 968947487
612 988 333791164
612 738 658546398
612 1080 390773454
612 785 8040824
612 1062 106594387
612 1051 355235274
612 1029 74342250
612 681 660653849
612 822 823993967
612 697 87133705
612 817 531187554
612 652 886828385
612 793 5711858
2139 3021 758052691
612 929 95188107
612 1065 754999094
612 1119 523512434
612 614 61853178
612 798 607621152
2139 2498 707522558
612 832 919029761
612 919 335741799
612 1142 748612010
612 1054 370273430
2139 2988 454849674
612 1097 220692106
612 1034 133713393
612 938 514065070
612 927 95181366
612 697 887749368
612 1024 981324450
612 755 269507984
612 809 596542459
612 676 519630452
612 835 504324146
612 1059 394119304
612 1047 877716676
612 808 887257753
612 979 917244716
612 1011 738865627
2139 3035 125092445
612 947 817320164
612 799 773874387
612 983 424677607
612 806 51506856
612 637 121562266
612 803 18907264
612 1122 929079711
612 1007 125000223
612 909 555669245
612 1038 371844854
2139 2638 164586361
612 1153 72859398
612 955 53663300
612 617 963675360
612 740 67634431
612 756 431350812
612 934 566129887
612 828 329829526
612 739 737702973
612 967 619329620
612 813 625103697
612 1116 73200824
612 667 555092011
612 667 548164002
2139 2147 58622703
612 837 232032655
612 1155 773918511
612 939 672187700
2139 2686 107626379
612 705 531479109
612 941 299755467
612 854 304831868
612 1141 682899319
612 964 553797566
612 1103 282207042
612 1150 615687914
612 623 329903187
612 669 482488295
612 922 668197948
612 811 833029104
612 754 25574510
612 997 389796806
612 635 508613078
612 653 944693969
612 941 627190767
612 1082 624106553
612 1128 504011310
612 1112 224183305
612 807 217334513
612 817 679227448
612 1039 732566485
612 922 19327230
612 886 303056225
612 853 599050416
612 885 597817738
612 1009 515564837
612 1004 582144386
612 999 434489357
612 1089 286036290
612 771 183312318
612 895 367603154
612 1066 717531738
612 986 944823793
612 1105 449543953
612 987 260561732
612 857 596106817
612 670 6749049
612 619 114093394
612 1085 87307482
612 1057 131503757
612 914 515541491
612 1004 702243988
612 739 881322853
612 1015 962804871
612 809 694700889
612 960 218442816
612 1117 852030513
612 759 868708159
612 630 44258134
612 788 777568393
612 950 341190206
612 975 723647699
612 720 962632691
612 984 625346943
612 809 903047290
612 712 197775942
612 615 95820833
612 946 431182870
612 890 199455198
612 1160 731395991
612 747 613250284
612 1067 733706894
612 1087 565792369
612 942 497758151
612 690 20798062
612 1064 126403970
612 970 990325322
612 1036 194630593
612 649 778121065
612 987 390397980
612 858 91463993
612 1038 6622542
612 836 629407238
612 855 707981652
612 968 625969988
2139 2777 42739093
612 1022 399782470
612 1005 850562601
612 1089 704239206
612 731 847611554
612 892 121833989
612 744 196186932
612 699 991811403
612 1025 675861482
612 1071 860128730
612 839 754814566
2139 2497 944743638
2139 2438 185375572
612 830 913016813
612 802 516136982
612 1159 57413870
612 660 528718548
612 1106 911216006
612 1098 67994863
2139 2472 557587515
612 796 138722042
612 1043 536277080
612 792 978873173
612 1088 625352433
612 614 324141024
612 614 118746631
612 741 348713190
612 781 252199096
612 912 987337393
2139 2508 237283337
612 642 452516529
2139 2891 706497306
612 718 677760234
612 885 535543738
612 953 430487426
612 782 413461227
612 890 856784468
612 1092 450145314
612 823 724154894
612 725 273066460
612 1111 324148503
612 820 462440949
612 767 144221406
612 880 113623435
612 1000 699319898
612 881 597676715
612 1061 537847699
612 890 90119663
612 885 590416259
612 848 888889200
612 1030 679956395
612 996 21229306
2139 2677 633710397
612 685 809210254
612 694 488424420
612 645 742084454
612 888 724058643
2139 2421 118046447
612 1010 490366539
612 764 264478229
612 1110 566311119
612 1129 877076316
612 1132 585457501
612 1042 782757360
612 683 294746984
612 779 502764533
612 812 468521963
612 967 994956193
612 1092 969649229
612 882 269124958
612 823 363612933
612 836 970070586
2139 2726 58134015
612 624 561531599
612 682 493268609
612 771 192929735
612 1017 671353815
612 632 108117846
612 669 858785440
612 978 55194103
612 990 572674601
612 894 628307568
612 852 683708106
2139 2658 907510976
612 723 610224408
612 833 669771855
612 664 562238653
612 839 967146120
612 732 221391067
612 781 929465297
612 909 279279227
612 1160 664916295
612 797 362843191
612 918 153691409
612 973 995883207
612 1008 348405364
612 890 654801864
612 683 171793258
612 805 606207785
2139 3026 350992520
2139 2179 917359299
612 778 437597568
612 795 265246972
612 1127 937459668
612 1144 317515953
612 796 995192075
612 969 961609970
612 1022 93171283
2139 2642 14868174
612 707 954243870
2139 2455 701635370
612 1118 525561782
612 1150 791873478
612 751 150089239
612 862 894016934
612 1005 792847573
612 1048 176241166
2139 2606 871244253
612 1029 491531411
612 1043 869940163
612 1027 258331621
612 925 601534453
612 799 144396141
612 782 139644032
612 681 359267890
612 1010 854147397
612 1036 574038944
612 1042 226829016
612 984 478249606
612 970 184494642
612 818 537582502
612 714 76655882
612 1036 954156855
612 811 177013978
612 802 900493933
612 878 111359809
612 1037 484977460
612 886 526506114
612 643 457733089
612 702 966245596
612 938 493835960
612 1117 18233048
612 861 728061826
612 632 436128504
612 756 214347011
612 1124 610510028
612 1100 131023719
612 622 879817225
612 794 272317802
612 993 247231942
612 962 351440135
612 808 248385502
612 770 866033690
612 785 301534467
612 902 849293153
612 693 60006954
612 932 264136563
2139 2155 69745137
612 966 590827806
612 1071 29721722
612 681 738628793
612 908 343668632
612 699 614547033
612 911 860030109
612 934 316684407
612 1002 766160418
612 960 826999849
612 1009 258396434
612 962 679015798
612 825 149049435
612 755 94684732
612 868 529122617
612 747 415258895
612 680 203712297
612 962 657690617
612 1151 102479916
612 662 13496810
612 1042 395115455
612 820 256930839
612 1040 283710664
612 836 248757850
612 1053 901339336
612 1087 262609400
612 890 654407720
612 1063 991883431
612 760 407894051
612 1149 316042712
612 858 945611430
612 655 296930636
612 1062 525883617
612 1092 29153617
612 1070 404675367
612 661 280676675
612 799 46174999
2139 2618 510468467
612 746 501569712
612 971 35731491
612 1107 260344955
612 780 563346809
2139 2210 4329623
2139 2529 858220055
612 726 154376329
2139 2813 789450440
612 980 115662633
612 764 437799616
2139 2725 10750401
612 621 462978055
612 937 440981230
612 869 170242342
612 857 356027755
612 1041 713618275
612 641 613314510
612 937 205655093
612 1127 553105491
612 1016 112759639
612 895 673933102
612 1025 719274866
612 659 833079676
612 836 743553563
612 800 345292398
612 1156 915609270
612 1129 867450564
612 952 885134458
612 637 945898363
612 1040 389923495
612 825 584644403
612 933 661263730
612 737 749985790
612 752 570766887
612 901 144609595
612 932 785514194
612 1123 175802672
612 669 154903215
612 1036 641998037
612 616 538379540
612 862 540175130
612 1079 460304248
612 970 197990480
612 1149 922398762
612 847 242263604
612 736 52662680
612 895 139477940
612 918 184819287
612 763 403074929
612 995 896317835
612 915 921676741
612 684 241732750
612 1006 852400824
612 1066 489873630
612 627 17690430
612 1108 831526606
2139 2275 794231109
612 1095 669977313
612 1128 858662823
612 1102 120433472
612 910 402310124
612 628 57873880
612 1104 43056493
612 772 165050353
612 1160 673491025
612 863 99129676
612 942 734249265
612 660 278641157
2139 2962 112070239
612 700 152012994
612 723 211390475
612 615 233932294
612 694 596278131
612 684 985299738
612 829 763860546
612 677 849930647
612 733 978671134
612 712 363624654
612 620 603677481
612 779 367291466
612 982 774854788
612 1011 792560556
612 705 253783948
612 859 139646354
612 1033 30521209
612 778 828166013
612 647 70465120
612 879 246812655
612 1045 576998172
612 714 904610636
612 994 705590719
612 709 202123481
612 1080 596950326
612 1048 467942488
612 977 453252020
612 907 465455193
612 929 819318102
612 980 430654152
612 1123 503913968
612 1142 525058695
612 848 766542325
612 1018 715308011
612 753 419587846
612 913 366886371
612 1106 618673756
612 812 611427519
612 648 746652945
612 738 428077721
612 923 408344014
612 638 225307511
612 1082 838193173
612 871 930029176
612 629 68239230
612 695 569008176
612 733 229131783
612 850 767094680
612 698 924431231
2139 2780 160211041
612 870 100358034
612 778 558533973
612 941 83176898
612 657 320832914
612 1126 454085476
612 1031 643448633
612 968 818425970
2139 2759 685181064
612 909 10927670
612 917 365874854
612 1017 748273927
612 1032 991176197
612 1003 507624946
612 960 444106140
612 856 531304849
612 886 718703222
612 933 395927585
612 853 581269536
612 828 148610804
2139 2900 924341126
612 1037 88596383
612 1029 945880337
612 812 804142529
612 1003 862972207
612 1127 431448063
612 1059 978081365
612 1125 701528983
612 1090 469171136
612 1077 783906487
612 768 598184630
612 761 683564399
612 903 19632429
612 806 684521487
612 651 596385415
612 738 587792153
612 874 227680364
612 887 719265765
612 1031 744631092
612 652 152425004
612 1146 512511579
2139 2903 374436095
612 1157 335876649
612 1060 572470192
612 898 935036481
612 930 656340349
612 1149 667910676
612 1149 612495680
612 1128 857328990
612 986 57141730
2139 2834 992344015
2139 2820 577662272
612 1147 289501384
612 747 352322065
612 786 300738555
612 757 209135275
612 682 979136016
612 686 107676516
612 1119 424710108
612 728 889849984
612 1099 350709991
612 981 442697690
612 956 465440091
612 1148 189989419
612 720 855764665
612 653 147881276
612 1121 464151219
612 955 513130564
612 1110 264761704
612 908 87607815
612 1002 823818532
612 953 635181010
2139 2341 414135406
612 894 562660200
612 826 795839301
612 795 465979838
612 1099 478658797
612 859 677866389
612 924 69682701
612 1113 371621961
612 866 758395621
612 882 792423021
612 1001 708854814
612 1013 214455728
612 683 331365541
612 671 555210406
612 622 583712369
612 625 562080972
612 690 559427391
612 1003 207140547
612 1005 585266091
2139 2141 404253684
612 1052 394463530
612 1066 419356903
612 1076 800658116
612 716 387520031
612 780 49693227
612 644 357930752
612 967 665195983
2139 2846 952017122
612 654 462666401
612 1120 934341787
612 729 226302874
612 800 651523629
612 857 846676464
612 1113 801380630
612 850 993619855
612 827 963725947
612 935 10840857
612 918 463759032
612 617 624025486
612 868 913915816
612 1079 990807690
612 765 880689870
612 996 607406254
2139 2170 211292888
612 1149 841583831
612 1083 362324465
612 755 824176911
612 907 593968812
612 687 131301851
612 670 837606072
612 812 850950386
612 1029 171358716
612 820 453951672
612 1154 878581277
612 697 142636980
612 670 635834936
612 983 874950430
612 623 961299173
612 814 276745259
612 862 670345277
612 638 21109478
612 918 203955109
612 753 217377263
612 1053 851870346
612 754 850615667
612 837 599660219
2139 2459 187651031
612 1154 831336305
612 694 442687374
612 1091 813013717
612 620 763921038
612 685 529211627
612 1049 85505170
612 877 839388610
612 853 121170991
612 828 874118267
612 711 854286926
612 1129 26514931
612 858 745872567
612 1092 666491154
612 1082 109410215
2139 2202 155381717
612 853 324414987
612 1003 634666387
612 650 961336179
612 730 558808329
612 856 457403713
2139 3037 707044972
612 1134 101334177
612 1103 288946826
612 1084 651696075
612 625 73418117
612 800 420342717
612 1137 96838425
612 949 376314983
612 756 261901719
612 866 575616001
612 1002 692356991
612 1137 804855967
612 1030 556655152
612 825 994176436
612 887 714873362
2139 2290 648334377
612 650 726266997
612 711 785575517
612 984 452337098
612 1121 563540570
612 681 830550614
612 626 453782139
612 1009 815315411
612 808 286842650
612 1097 902753446
612 1059 447122734
612 1135 500754156
2139 2628 429223673
612 1054 906859425
612 740 993176242
612 1157 106219742
612 841 436987045
612 861 509370508
612 928 490493559
612 818 939540006
2139 2753 419415012
612 1095 670693613
612 645 609524241
612 735 279123132
612 1023 324869717
612 654 647248115
612 739 86095886
612 859 248493984
612 1095 777041074
612 776 511735819
2139 3011 45662485
612 975 923250407
612 1016 22261972
612 1063 285142962
612 790 417020757
612 829 687869102
612 707 80085870
612 713 631414979
612 862 901790365
612 765 209154246
612 1006 540118979
612 750 157462944
612 694 608136176
612 865 532816183
612 938 638609778
612 1016 353648985
612 1151 315316298
612 1104 101118849
612 708 184529245
612 753 80006818
612 950 649957579
612 1004 499036907
612 745 605525610
612 1109 44884641
612 919 833938469
612 798 413943311
612 1138 70467327
612 872 612154177
612 884 521782319
612 1012 72310174
612 988 362323463
612 1116 854894230
612 676 510420699
612 908 613023258
612 757 759736783
612 1060 545396806
612 857 792007056
612 975 756124405
612 737 164941583
612 618 40622914
612 946 407522300
612 1132 932614346
612 933 816604390
612 1072 795711699
612 1020 260787856
612 902 360511576
612 1131 502218780
612 864 467101708
612 797 897382846
612 967 744323613
612 892 18904147
612 881 372812824
2139 2913 977547132
612 1160 450442948
612 928 746625028
612 789 615399855
2139 3085 31243236
612 940 937977773
612 918 522778779
612 839 993284209
612 685 911016077
612 917 320221773
612 679 260236424
612 913 919483150
612 1082 85543236
612 1086 474071111
612 856 972975509
612 1060 394579479
612 741 782084901
612 779 694658354
612 694 593915661
2139 2712 736101502
612 1070 310474621
612 704 843969017
612 722 81114376
612 1081 64219748
612 932 971098637
612 676 611082070
612 943 995073861
612 989 755402486
612 669 86754512
612 942 816416704
612 1049 394851786
612 878 663795693
2139 2440 698603764
612 1156 62027554
2139 2450 604082239
612 975 115992434
612 1078 915301628
612 1062 254893146
612 676 448727719
612 988 355512855
612 898 293176686
612 815 275552994
612 662 337952754
612 958 869745744
2139 2808 570525211
612 1009 426193336
612 866 738722068
612 1148 848926357
612 842 261674061
612 1101 471490711
612 1079 657113230
612 1143 254974232
612 850 824700612
612 904 224211830
612 1029 416980765
612 939 584580469
612 988 747748580
612 1113 256408723
612 1142 113990525
612 741 973657721
612 1046 442032793
612 1089 864828666
612 652 632686191
612 810 311272854
612 954 82747788
2139 2502 753874127
612 986 193226665
612 907 691531457
612 1024 954062299
612 794 157323849
612 833 677390742
612 876 451478623
612 764 172027999
612 718 438749229
612 662 438010895
612 888 871882151
612 987 292750896
612 968 267736358
612 683 428522742
612 713 385831045
2139 2754 28803475
612 1091 794709700
612 947 979791078
612 706 252582297
2139 2817 818741074
612 1029 736856253
612 959 959684180
612 898 890222347
612 661 65621504
612 981 708907046
2139 2698 434297215
612 1112 309629704
612 1069 828963029
612 875 894519529
612 716 813123853
612 756 354095531
612 618 228291140
612 933 368141920
612 854 784197197
612 675 342849047
612 1016 932849883
612 913 351171663
612 1080 287476946
612 713 458745229
612 842 475640589
612 1049 515811730
2139 2167 15689044
612 798 334785631
612 917 493006709
612 714 225879657
612 783 814073783
612 722 922174351
612 1101 868090333
612 935 603337455
612 1102 119146002
612 852 993937602
612 865 520004905
612 1130 416648217
612 1031 682193163
612 920 687411812
612 1150 525380531
612 1123 422529334
612 1059 930592765
612 829 548030004
612 1076 657710182
612 775 632741180
612 815 367011295
2139 2714 961355352
612 622 729046832
612 828 657079465
612 635 717636468
612 894 174172038
2139 2378 592314595
612 1010 895708533
612 1110 974996482
612 896 368885429
612 839 709493247
612 635 611781927
612 1108 175781163
612 831 735357393
612 665 183835859
612 808 944804170
2139 2255 366350302
612 761 119750521
612 638 193936361
612 809 55367722
612 1019 718981241
612 852 410382251
612 853 455908834
612 643 957997165
612 1015 181377969
612 656 712900256
612 644 412731838
612 1118 778618609
612 1109 937010820
612 984 30049689
612 1092 321464681
612 723 327066815
612 1021 476036585
612 954 9160365
612 1098 238017470
612 667 418099642
612 865 693924002
612 706 191572280
612 650 655130407
612 707 55690314
612 1051 678277020
2139 2154 4629185
612 847 919164461
612 963 599241666
612 911 950406740
612 704 449916739
612 766 772945414
612 1101 623823468
612 945 252754253
612 902 288017236
612 628 27108578
612 1025 488063750
2139 2627 107270787
2139 2378 197504528
612 645 138014955
612 937 507651711
612 1037 587514116
612 672 809830566
612 1064 476145614
612 818 674196032
612 645 49067280
612 642 708720875
612 982 446857747
612 1051 25175434
612 687 834740566
612 731 215024295
612 1113 85838981
612 915 510431200
612 1080 952440709
612 904 453841229
612 765 821645824
612 798 999814916
612 621 245713956
612 860 634918399
612 910 967967079
612 613 929826482
612 1018 854322137
612 612 590460448
612 1049 446253209
2139 2975 851189587
612 961 284259553
612 1147 660520396
612 1032 526283341
612 742 155316972
612 897 473532212
612 889 268273515
612 923 737643207
612 1067 644139584
612 970 726370873
612 842 58510955
612 832 884064342
2139 2907 163455639
612 684 296031260
612 898 918565070
612 704 528238547
612 860 115320477
612 625 835863365
612 1102 102805925
612 793 2663940
612 905 906520490
612 978 265630561
612 782 89734490
612 726 216823104
612 819 360465270
612 1025 315796710
612 996 289227555
612 710 16585895
612 1047 120234566
612 1016 434043271
2139 2398 516170113
612 963 625200805
612 768 716500389
612 1114 136234404
612 1156 545362710
612 1142 369368330
2139 2147 580824262
612 713 99779164
612 1008 505563146
2139 3059 776957362
612 672 208533100
612 721 22114460
612 716 514079378
612 740 239756841
612 861 887484745
612 808 33087910
612 1120 717580034
612 736 556056303
612 879 366397237
612 794 3584488
612 927 815041604
612 906 248028255
612 1035 34264462
612 880 813173680
612 885 537123490
612 1069 43015679
612 662 824061465
612 933 161262580
612 651 35329917
612 1047 742093204
612 912 570051220
612 657 532609086
612 650 106686034
612 995 177240126
612 682 616707973
612 698 368932885
612 917 946124543
612 717 252263977
612 866 65213841
612 1067 969980761
612 1052 465160238
612 1076 879959516
612 645 650988363
612 1140 542960666
612 808 580609272
612 1094 394306905
612 780 634844207
612 757 137961627
612 1131 145452008
612 804 274308436
612 749 367862296
612 873 876774125
612 803 915914078
612 884 385355064
612 799 967712014
612 802 933613257
612 793 725649044
612 1148 834962169
612 862 799527472
612 827 257716890
612 970 674437798
612 1148 934112647
612 957 406285987
612 790 659732222
612 1087 16837760
612 1121 958155147
612 708 113911082
612 963 519859547
612 621 517823489
612 1158 188967679
612 1114 142966978
612 826 77056825
612 815 776434061
612 1116 761624949
612 857 685774872
612 674 95077634
612 664 784365620
612 747 295516401
612 1127 314279614
612 828 968324788
612 938 860262100
612 663 31768864
612 1122 431819488
612 1130 363330548
612 1141 865146641
612 1137 170541124
612 1104 810524604
2139 2971 492512759
612 965 912689211
612 997 702766601
612 955 312944515
612 913 138735304
612 819 299333204
612 1018 882512067
612 1147 170183632
612 643 716900801
612 1046 499402051
612 640 427280519
612 1045 764229302
612 768 331904439
612 980 36801530
612 960 876174596
612 944 726218097
612 867 388157388
612 647 414680763
612 1087 45831720
612 704 428484205
612 981 746992070
612 807 123120619
612 976 576798765
612 1064 650967756
2139 2748 666411632
612 801 484010732
612 1068 482496214
2139 2642 967546531
612 855 860871145
2139 2305 654240785
612 738 524926063
612 802 852602947
612 1151 532605710
612 914 354671039
612 902 536082675
2139 2456 639249476
612 1121 976696830
612 691 608388292
612 797 174636790
612 720 500142086
612 675 638743147
612 1039 1217129
612 1129 611353987
612 1013 29406370
612 904 106774521
612 868 719710789
612 822 791017081
612 713 723520345
612 1108 184428550
612 1153 851707602
2139 2527 593214593
612 797 902224280
612 702 122218640
612 1157 450460572
612 749 878144763
2139 2555 468845151
2139 2978 427471590
612 1158 418452337
2139 2854 743350959
612 655 849114345
612 1112 703059349
612 702 894474847
612 1008 263796760
612 811 361812827
612 1048 647393102
612 1137 539623198
612 767 696639131
612 845 27884816
612 625 561750154
612 921 482881841
612 933 907716503
612 1086 78941179
612 1070 762145694
612 1139 351245472
612 717 693880240
612 994 304707388
612 810 845499864
2139 2833 718872988
612 881 843402055
612 856 787486895
2139 2173 335912535
612 694 114609251
612 668 506655248
612 724 850180441
612 629 559722889
612 1004 542836121
612 1076 752499767
612 630 794908468
2139 2787 218111088
612 932 556892129
612 938 74272446
612 637 978802486
612 838 395185160
612 688 927444918
612 807 351936089
612 620 166633250
612 699 308947312
612 641 953432409
612 848 43147832
612 670 159736576
612 691 959612432
612 1095 83112919
612 986 165694373
612 666 262071341
612 714 815297008
612 811 653043357
612 844 973584179
612 623 562250705
612 995 535177957
612 778 639436349
612 796 186548199
612 846 891611925
612 751 629069455
612 825 26299745
612 1024 100207340
612 806 971074876
612 989 991637192
612 1145 484446138
612 1066 851682814
612 1067 731182605
612 1104 860396690
612 973 206326002
612 1027 878643789
2139 2594 305003588
612 1092 478210567
612 884 827735000
612 798 394296021
612 1012 450892407
2139 2876 711340840
612 810 865452155
612 823 35513628
612 757 666855464
612 643 742265389
612 1030 805007454
612 1033 731678720
612 865 187074911
612 1152 293172904
612 985 991192993
612 971 429698941
612 1022 887267713
612 881 209899846
612 1053 323936171
612 1048 330959580
612 1114 5189755
612 704 405969250
612 1070 712715418
612 752 657085158
612 1052 24929520
612 773 413033235
612 761 325778544
612 1125 438961051
612 689 952549827
612 1124 175870583
612 664 175006371
612 835 797617218
612 968 483103147
612 631 197845276
612 910 92336478
612 1127 322190739
2139 2604 982266751
612 695 642994211
612 1093 347512059
612 760 611968009
2139 3057 335907302
612 984 888764086
612 987 866256642
612 1048 727912920
612 795 179022118
612 956 617626782
612 631 117105353
612 695 833166963
612 806 260229470
612 1056 640132892
612 803 727723436
612 685 88435997
612 1144 282790948
612 1081 193524030
2139 3043 113740567
612 853 611818310
612 792 826241686
612 902 684887237
612 735 421568674
612 1118 778862039
2139 2951 397681757
612 1106 119769091
612 1118 673397917
612 636 909728395
612 636 680719041
612 634 430989172
612 856 3177978
612 866 142939393
2139 2571 525449739
612 772 275131869
2139 2844 767681092
2139 2463 577965588
612 693 841161910
612 716 104898969
612 707 775033587
612 974 397634546
612 993 586969631
612 682 481395097
612 1105 898525901
612 1089 887027736
612 830 737334934
612 711 311148199
612 941 380469670
612 653 39020055
612 1092 712573633
612 1078 183870684
612 1057 946190425
612 1011 703633423
612 1039 555847925
612 778 430205773
612 1021 868676277
612 965 465098005
612 820 808096776
612 654 562516243
612 946 255549052
612 680 804535506
612 989 413503142
612 767 617912440
612 1078 54632537
612 695 543749060
612 1002 218144280
612 974 773332707
612 962 593788071
612 939 608773660
612 661 466180118
2139 2507 87146873
612 662 621377237
612 1031 113097339
612 1019 407851298
612 1039 922036591
612 1139 991965084
612 1143 216142759
612 982 878270129
612 896 672902129
612 960 979421284
612 1088 240877161
612 1139 489290991
612 895 678148680
612 983 105553748
2139 2756 863628313
612 825 386262816
612 644 190456557
612 727 430301795
612 876 164137031
612 765 458166444
612 958 121353049
612 913 922941640
612 980 947361046
612 631 292187547
612 954 512526732
612 1144 411361498
612 1064 405294183
612 1147 197880591
612 623 531801745
612 938 743512349
612 1025 105528653
612 850 706997479
612 1125 257124611
612 631 408021461
612 1071 901678847
612 1135 498871130
612 1069 349505850
612 750 462600897
612 697 655649331
612 1146 992436639
612 792 487991202
612 848 52174480
612 628 488931129
612 947 954313243
612 793 964060675
612 632 50420949
612 1043 280981665
612 934 91245367
612 1001 751544571
612 743 539389634
612 1098 307851687
612 835 155043337
612 707 7147357
612 750 850124075
612 749 184713581
612 670 402259606
612 755 170959573
612 997 632344303
612 700 354611859
2139 2169 80900166
612 616 828365925
612 707 86488576
612 823 300619059
612 1065 601985580
612 655 474166048
612 1068 290834179
612 1057 581749702
612 1152 907504642
612 800 497181050
612 751 918973110
612 939 910423749
612 1149 770553680
612 752 708847553
612 716 331591713
612 839 612558016
612 751 594412009
612 754 286617434
612 1072 644458136
2139 3020 95258807
612 965 993891539
612 958 222296786
612 930 573411742
612 1141 695319279
612 778 87024764
612 932 21006669
2139 2305 404336197
2139 2184 946122789
612 819 920669668
612 964 221006038
612 1000 539533558
612 840 362550010
612 801 150525967
612 903 543743026
612 1039 181577300
612 1109 957709496
612 631 354269157
612 828 67346856
612 672 523533028
612 966 796282709
612 727 934182417
612 1011 902567083
612 889 189886657
2139 3093 671158931
612 677 601076138
2139 2809 803451800
612 664 857471819
612 837 283055739
612 730 907541911
612 889 823175750
612 702 755897637
612 1123 15420313
612 1038 490386940
612 650 226163661
612 731 482925025
612 949 185988577
612 846 106524279
612 943 712475219
612 945 655522306
612 865 757457513
612 849 805550922
612 845 664194383
612 786 510284251
2139 2732 992573550
2139 2425 231072669
612 789 958943768
612 777 69047035
612 1054 779133241
612 641 717422351
2139 2857 828630909
612 705 857250202
612 1127 619060325
612 759 416202661
612 774 84980083
612 1059 590286829
612 724 125299541
2139 2775 584629338
612 944 434921004
2139 2390 831447973
612 1005 607184267
612 696 253665298
612 967 265425084
612 916 348210607
2139 2916 946288005
612 956 859495792
612 787 755965528
612 685 622561738
612 623 189252043
612 956 659472771
612 1008 29825424
612 771 732691135
612 865 625216038
612 789 557380363
612 707 702767218
612 1095 773706287
612 1087 480400412
612 834 25601976
612 1080 973605943
612 1153 983184635
612 1092 554440459
612 1157 788210925
612 1087 32387302
612 700 589277813
612 1030 516364355
612 1093 273873950
612 1032 769203243
612 1096 925305443
612 843 79939839
612 782 304648655
612 995 320143774
612 740 441327339
612 797 556046381
612 739 577854329
2139 3003 487460098
2139 2602 992633047
2139 2518 67897482
612 1034 554654856
2139 2799 667783949
612 866 73589733
612 1077 104368416
612 1123 977163509
2139 3033 309455573
612 647 932313135
612 694 944537598
612 793 305976585
2139 2277 128355768
612 897 277440688
612 745 979070624
612 883 326022901
612 779 265902949
612 1129 241747170
612 785 704765099
612 1125 863077356
612 676 614029918
612 797 242483848
612 708 89450755
612 838 1148619
612 910 384236489
612 884 843894993
612 659 870969552
612 690 549834692
612 896 983284477
612 678 716034933
612 828 180407130
612 906 71840328
612 818 816431718
612 1103 793506505
612 1097 874842526
612 627 763929397
612 753 384530892
612 907 124859756
612 848 61809465
612 764 104685397
612 1052 516670444
612 679 515154490
612 696 497899228
612 753 202477793
612 638 487792542
612 906 396395448
612 773 569025127
612 1106 206009453
612 1123 737343859
612 1079 601867029
612 634 304624905
612 638 993963679
612 751 254424010
612 1022 905906803
612 973 708185274
612 939 838728947
612 648 961146382
612 940 757266844
612 858 298086623
612 884 841668014
612 1035 98744928
612 823 661241493
612 651 397626217
612 814 357383075
2139 3025 577511977
612 682 62992083
2139 3045 232431173
612 990 522995755
612 953 920433925
2139 2605 143020012
2139 2904 137088038
612 664 308766356
612 792 906730920
612 707 82914086
612 802 898452244
612 867 809025646
612 780 197115696
612 938 788605080
612 1122 389727739
612 1145 995583134
612 743 697531913
612 1057 523983701
612 904 929035664
612 678 147651997
612 1138 391121460
612 699 663647372
612 1109 154711760
612 799 38915024
612 1008 8604440
612 1111 194718403
2139 2630 257763301
612 708 680471012
612 1071 455183821
612 813 624613894
612 615 983167084
612 743 370797419
612 809 503654923
612 913 92918392
612 810 597940590
612 1048 511574659
612 1102 987070906
612 936 889292903
612 815 948072841
2139 2642 940915967
612 1129 259593603
612 1097 626002618
612 1066 51347772
612 1008 750899346
612 1061 892511414
2139 2630 703178033
612 1112 600398067
612 1068 791413598
612 921 833303445
612 756 553404072
612 690 627388734
612 681 478470032
612 721 362172845
612 950 527790337
612 1079 452937528
2139 2143 287469052
612 837 20459361
612 939 541213740
612 932 782261625
612 787 586703268
612 741 941874445
612 775 249015338
612 1135 97799552
612 1008 55122544
612 930 197896518
612 858 133476401
612 702 204081946
612 924 612938164
612 796 549587362
612 673 149278599
612 759 549638529
612 1104 840179265
612 686 303868644
612 661 660145222
612 1086 460221996
612 820 449743828
2139 2701 184634986
612 1160 671703468
612 640 359368204
612 763 272646347
612 647 123348344
612 1036 126390930
612 711 398216941
612 725 477916000
612 992 757674445
612 1138 441400072
612 1155 614007093
612 1068 213191756
612 1010 27739276
612 969 418281531
612 1125 748336683
612 1013 883711585
612 769 472361738
612 700 870912256
612 722 283898351
612 990 974801530
612 759 264404452
612 647 404101861
2139 3020 433315495
612 984 285789898
612 642 508484851
612 912 314258787
612 850 636428319
612 1071 189469415
612 900 321774402
612 664 814057416
612 1048 81173639
612 1045 203327103
612 1043 383069369
612 737 635174524
612 800 425923051
612 749 682760045
612 827 87670292
612 782 382369832
2139 2909 814512918
612 853 5535307
612 807 431341282
612 655 620533900
612 753 597219174
612 1089 506883025
612 872 428612083
612 719 767223140
612 970 533737728
2139 3011 228138983
612 644 81071229
612 880 377430885
2139 2383 425479025
612 641 155275030
612 1097 858759951
612 976 14989183
612 915 566591005
612 671 317012173
612 1042 771669940
612 785 537213150
612 962 631196317
2139 2303 112730107
612 664 367290609
612 961 566954995
612 880 956072277
612 906 108140087
612 712 127059216
2139 2424 269301965
612 1091 366694386
612 657 182234316
612 758 919220264
612 1135 671999483
612 1160 463226112
612 794 278026569
612 741 307204488
612 1095 522151676
612 817 249514643
612 835 68540978
612 1151 947614466
612 1095 616345113
612 868 433978774
612 979 347420805
612 803 675249287
612 868 834681479
612 1017 639328708
612 667 613912918
612 1073 431020621
612 1140 390348050
612 1155 467663830
612 979 397301217
612 1043 418163395
612 805 523542881
612 1148 5339716
612 986 401081915
612 1085 497806631
612 944 156676835
612 854 583051318
612 669 200310643
612 788 529722077
612 976 255393021
612 1117 10585524
612 872 309189530
612 694 947873957
612 618 931479363
612 723 896026786
612 963 102319667
612 612 461108117
612 705 37509740
612 666 50007816
612 762 375862828
612 722 776442826
612 636 169710516
612 775 236560121
612 669 699797876
612 831 42030749
612 1004 511584869
612 1056 489434799
2139 2652 405404895
612 778 850530972
612 1036 66780848
612 1151 121459286
612 759 669858376
612 859 46500428
612 756 45375580
612 707 755959139
612 807 710339502
612 633 942225423
612 1097 885604732
612 959 702677231
612 617 723955030
612 654 794692042
612 743 702529443
612 786 799022530
612 994 776506284
2139 2937 745673772
612 860 347263508
612 896 245164807
2139 2976 784406909
612 855 378768209
612 613 553466430
612 941 349894904
612 779 419612144
612 952 88995267
612 901 992289813
612 640 384125516
612 983 549480345
612 804 67266267
612 1046 863928626
612 833 915487735
612 927 770928833
612 1059 752537325
612 874 541966776
612 651 87345477
612 827 565171458
612 1013 973949007
612 728 997817246
612 667 600157424
612 1103 575363345
612 635 997947509
612 706 359406466
612 747 315768727
612 998 433956998
612 1104 280116627
612 1094 344837904
612 642 550375540
612 945 980699503
612 711 658973895
612 1080 230109633
612 863 737108062
2139 2875 256699110
2139 2457 898644967
2139 2587 468024689
612 674 975719746
612 1041 935368830
612 681 492203975
612 992 985848827
612 761 966487134
612 978 697070985
612 654 285695108
612 825 318060665
612 1132 81770442
2139 2754 263668907
2139 3004 711265378
612 948 704070625
612 700 508728463
612 1081 323011777
612 1126 135122686
612 1069 806209560
612 987 816969998
612 1018 865278903
612 816 17978341
612 912 125161094
612 1032 396506698
612 802 769596426
612 1020 492963261
612 869 835656756
612 877 814941153
612 812 510204133
612 708 997800795
612 663 78135032
612 858 912762077
612 672 504127882
612 1076 389971469
612 1051 862705865
612 700 829121060
612 1125 509102419
612 1004 842181259
612 752 689546786
612 950 817571131
612 812 528931182
612 1027 537474411
2139 2458 802864905
612 690 66501332
612 733 316554176
612 1083 839352600
612 1145 132531652
612 925 777854180
612 1031 218457340
612 946 286353908
612 907 614703613
612 789 941448945
2139 2982 705603544
612 1105 300365553
612 665 549349548
612 881 518290852
612 999 696379143
612 891 649305860
612 1020 773691962
612 959 896338538
612 971 827084528
612 861 16975277
612 1020 914288190
612 847 694019665
612 630 647243693
612 1137 231889351
612 961 298472243
612 862 237822571
612 1047 990997823
612 1082 785004975
612 1120 536977906
612 1088 704253927
2139 3052 505165660
612 951 11081003
612 1145 832295538
612 1127 901090459
612 1085 822884168
612 637 807371922
612 1071 251675483
612 794 332486028
612 903 77730838
612 622 144829805
2139 2361 699592843
612 938 970895315
2139 2850 99032139
612 806 1854774
612 1132 351133368
612 755 704471224
612 879 137375781
612 679 159368760
612 889 194019402
612 838 222858447
612 1012 305351192
612 931 651998670
612 715 884010336
612 917 503574211
612 1010 44909863
612 690 429756890
612 768 158899937
612 689 949813452
612 646 196104951
612 896 784101091
612 1107 792721097
612 940 422577641
612 768 433266480
612 1062 77623461
612 628 900404498
612 968 533259885
612 1142 579020089
612 618 63663719
612 678 177593120
612 621 824258497
612 660 763082577
612 990 111532809
612 763 588292771
612 843 544213276
612 891 757310880
612 964 285223673
612 1128 323064920
612 808 596435874
612 1048 995991221
612 777 670503133
612 936 301685875
612 788 527993004
612 907 1819390
612 919 528287630
2139 2520 795194339
612 948 438353257
612 917 427409175
612 1111 893840233
612 1087 989975518
612 757 681358692
612 932 337581452
612 651 932291431
612 927 362380778
612 896 107050737
612 823 6497670
612 979 907988352
612 702 522572142
612 913 694545205
612 840 119032306
612 741 803784086
612 762 179336411
612 1108 378656136
612 789 775717472
612 934 773525647
612 649 68768529
612 729 615959540
612 933 697795079
612 1020 693980147
612 847 247213727
612 979 981234491
612 1048 908155372
612 835 490800053
612 983 403719170
612 699 866485695
612 775 627852103
612 665 522175066
612 942 570895123
612 825 193709682
612 1011 679206999
612 793 712164985
612 1006 409548403
612 936 78381384
612 1140 355282179
612 1104 384755212
612 616 874659192
612 672 485849215
612 972 685122607
612 721 397242043
2139 3002 737155507
612 1096 48181288
612 685 407285523
612 664 448167529
612 951 222327878
612 678 219838600
612 997 304491614
612 631 329631060
612 1016 976677578
612 1115 385927323
612 1115 934845716
2139 2341 907232517
612 814 226336852
612 940 398176552
612 933 583059586
612 1064 870980270
612 1039 862742590
2139 2911 141091152
2139 2880 405095700
612 785 18230659
612 785 320101840
612 660 166128293
612 1034 404891890
612 1115 448566386
612 964 77987740
612 679 897474808
612 905 997060633
612 678 493787776
612 1067 857289504
2139 2381 899362004
612 1139 428525222
612 1041 291006351
612 1041 849317809
612 697 767328336
612 686 953901813
612 982 821955834
612 1088 721312123
612 775 212474358
612 824 573304712
612 882 983367590
612 967 234529398
612 1020 548721874
612 1015 44531909
612 614 766957343
612 789 511300353
612 858 464276710
612 716 736871938
612 1116 325309292
612 891 399861589
612 811 444413038
612 647 220571587
2139 2580 514643250
612 711 518075339
612 1125 299297758
612 769 340874657
612 942 96544052
612 697 681300304
612 849 846616881
612 869 356054742
612 810 611913638
612 738 747402219
612 932 787734712
612 1012 52545383
2139 2299 486819057
612 1124 710379361
2139 2476 679357673
612 653 352709123
612 637 785248329
612 1088 495631515
612 705 661454259
612 859 625038934
612 1044 940421862
612 1034 72318880
612 702 368952789
612 660 867388802
612 718 231126784
612 1027 995541434
612 888 423999760
612 958 506205634
612 715 628726123
612 882 667465694
612 619 864958914
612 1140 198025098
612 631 332641947
612 807 166731979
612 1039 160075225
612 682 668775435
612 786 506856644
612 1098 724681069
612 707 183764545
612 1137 768046972
612 919 772326768
612 941 67502694
612 680 293539405
612 760 171231584
612 933 66184175
612 1119 576360331
612 1128 984836884
612 1060 353739676
612 1062 161212581
612 1022 717660155
612 1001 149862357
612 943 672846731
612 903 41360861
612 776 934615383
612 623 453025368
612 641 930719653
612 1060 589880280
612 829 669194424
612 735 186337002
612 673 974398869
612 790 595037757
612 923 940091250
612 947 675340222
612 643 431687244
612 1079 144387365
612 709 979808256
612 1043 283301833
2139 2425 877401748
612 913 133613539
612 731 73116568
612 1000 182386763
612 754 322250688
612 904 372117170
612 661 96622664
612 967 290688500
612 843 377439177
612 1115 21647068
2139 3030 35840368
612 835 877087687
2139 2301 187715818
612 1133 982495196
612 882 864285353
612 652 924098388
612 958 596955843
612 774 226696114
612 1124 487243235
612 825 380100116
612 1024 680201139
612 722 604583054
612 1076 927326089
612 803 960860555
109 1160 351369370
612 862 525693405
612 663 204670738
612 1083 832581033
612 784 254003328
612 971 181036685
2139 2682 690401157
612 843 638936154
612 760 71690003
612 702 245136448
612 982 724949421
612 680 616290441
612 1072 363487115
612 1112 795954422
2139 3096 850207226
612 985 241734674
612 959 386249697
612 815 80829230
612 750 635013188
612 628 117271706
612 970 849727200
612 954 803261426
612 847 276409373
612 1038 346262062
612 1041 883975506
612 808 59383981
612 797 829118470
612 711 49567492
2139 2368 542451618
612 889 664128544
612 816 124471077
2139 3015 376785224
612 672 221145646
612 772 263106058
612 765 285599936
612 1038 934247034
612 803 929713355
612 972 174872051
612 1083 110003738
612 1134 453223990
612 895 532872024
2139 3061 347825037
612 963 806827721
612 1077 53239592
612 987 213734678
612 1045 629555477
612 628 282575446
612 983 39820664
612 1130 984311113
612 1069 267222626
612 879 515413004
612 1027 959295885
612 1120 804162453
612 716 245960093
612 840 547133557
612 1091 404402813
612 651 61910563
612 838 902365750
612 1067 115901447
612 952 930235070
612 960 152319523
612 1142 866959552
612 1131 90970763
612 1148 924756567
612 991 885576920
612 672 110418436
2139 3042 836848213
612 1024 867301770
612 922 833640807
612 829 612469849
612 692 947705927
612 933 987628855
612 945 235488274
612 901 153178815
612 955 588203604
612 839 457423652
612 727 835741409
612 786 243399769
612 1022 672977654
612 640 244963294
612 671 277910780
612 1069 403392177
612 983 771138135
612 871 474842669
2139 2250 45867086
612 982 624282943
2139 2678 155667629
612 657 985925924
2139 2395 298682428
2139 2584 870006069
612 727 576804960
612 720 123603567
612 666 376482851
612 652 757908003
2139 2264 625558675
612 652 914577538
612 1090 285704228
612 1001 238599810
612 640 725208034
612 945 451605009
612 1051 491772998
612 632 20371787
612 720 563099175
612 1075 528745401
612 1141 847451366
612 719 979268419
612 989 217386418
612 876 879922362
612 850 499416651
612 634 283751315
612 962 478112163
612 893 428372352
612 956 645102908
612 1067 386719723
612 892 410281810
612 674 877137548
612 1023 887698756
612 984 563419132
612 740 143967119
612 1160 25628569
612 816 893833969
612 970 96705048
612 1123 465215989
2139 2661 711337114
612 852 945417636
612 908 87891941
612 1040 440345451
612 998 499289407
612 864 332661456
612 1070 629198873
612 862 355599217
612 825 789844894
612 792 812091949
612 1085 363630408
612 928 412535553
612 622 250920315
612 736 961241933
612 958 656012696
612 878 130878609
612 849 578350587
612 917 595266721
2139 2372 697705995
612 1061 155866822
612 843 604403351
612 646 64093311
612 841 704897356
612 993 66634899
612 998 571655707
612 1032 993339063
612 781 240471030
612 949 378188078
2139 2625 959835271
612 1045 464704757
612 743 929306952
2139 2150 972897778
612 797 680736952
612 942 665943312
612 783 2773377
612 893 212700689
612 1060 319130714
612 801 945706272
612 638 408250388
612 680 26396248
612 1121 155662344
2139 3015 379234936
612 815 819843658
612 820 229695483
612 771 10180462
2139 2690 757564428
612 822 472168358
612 649 764718009
612 858 372146159
612 626 719557065
612 770 660076871
612 951 806514742
612 890 966236784
612 1087 161858459
612 1121 544812252
2139 2850 831649456
612 1146 308309236
612 1005 390675173
612 873 687288605
612 1045 56994659
612 691 499856756
612 1158 771543699
612 725 483724484
612 1100 950777392
612 626 456304519
612 740 540718779
612 1032 587892332
612 1144 719693845
612 866 728473941
612 692 530934563
612 1016 776913049
612 979 303354036
612 1122 448312314
612 647 943297805
612 775 792657897
612 1104 733754712
612 927 244198044
612 652 768450490
612 691 801446968
2139 2354 830330806
612 813 623473595
612 841 422962675
612 780 969351302
612 644 40999704
612 950 895615089
612 1009 912092476
612 815 987885019
612 1152 842849409
612 710 250890752
612 964 708641195
612 1077 269299208
612 975 321575360
2139 2965 625742989
612 940 721174906
612 1073 900768314
612 959 829893751
612 691 373701331
612 661 61573245
612 896 959304102
612 644 306879502
2139 2139 127102031
2139 2636 722546114
612 704 99626711
612 1030 848537562
612 982 10450771
612 1131 432845008
612 920 389751229
612 816 291673988
612 942 194707168
612 1100 723179725
612 816 881957665
612 658 635783061
612 751 732201009
612 837 462557650
612 891 912855067
612 1012 968939938
612 690 644979709
612 697 565812524
612 871 95099460
612 842 155368642
2139 2679 256645636
612 729 482381885
612 627 697211489
612 846 829595181
612 743 844522450
612 1101 515133732
612 790 589297516
612 906 831959844
612 1100 478883467
612 814 806928998
612 946 604759521
612 743 135419095
612 1049 846214036
612 938 414258048
612 732 487814457
612 855 481079166
612 1017 276864264
612 1105 726572505
612 1137 697545326
612 871 498147569
612 1035 755541173
2139 2315 729466035
612 871 722070703
612 801 885093555
612 1057 874276546
612 1053 390969360
612 1004 684186823
612 1017 89945750
612 894 409466089
612 787 638934548
612 889 520196071
612 847 237958544
612 691 668443434
612 879 582426814
612 631 404343645
612 1153 754877119
612 711 914514352
612 943 403546695
612 686 826774370
612 883 903244253
2139 2731 132180147
612 708 352261647
612 792 482351165
2139 2480 857902479
612 661 354200091
612 1010 639553861
612 687 708969799
612 1118 992482811
612 885 382539671
612 774 710458581
612 927 805574853
612 1116 242871234
612 664 118749252
612 614 323403034
612 796 852386726
2139 2153 137983732
612 867 183078346
612 694 905286020
612 860 897418655
612 931 232724134
612 716 81406433
612 960 422828560
612 965 560053245
612 981 271348659
612 937 647978347
612 1005 56128448
612 924 738953037
612 773 127231568
612 614 5209508
612 676 102630565
612 953 308612009
612 712 953477388
2139 2470 581117109
612 619 328041578
612 800 326980499
612 964 382805156
612 783 297060998
612 1014 924116203
612 681 260430263
612 818 720534401
612 1043 779978379
612 642 514235344
2139 3041 108255488
612 703 178907084
612 1028 478358761
612 958 451270791
612 656 518728742
612 751 943546974
612 1150 462641033
612 683 722796756
612 948 983638482
612 1130 880607303
612 1010 936913477
612 936 671951104
612 892 334437715
612 718 790520463
612 619 571803436
612 709 498405529
2139 2366 54161189
612 679 431494766
612 872 802281160
612 719 642408813
612 652 513076171
612 852 943030950
2139 2482 458308725
612 913 938192494
612 679 732669197
612 1064 186813191
612 683 351679366
612 1056 162453716
612 927 239042590
612 951 488007006
612 750 711336833
612 1152 216287539
612 661 790271586
612 1147 873441014
612 791 633038599
612 856 54321673
612 778 781109082
612 717 7427225
612 639 749466475
612 866 569471636
612 871 266532214
612 1063 576028160
2139 2630 293353181
612 678 321806004
612 1082 212174442
612 842 183695038
612 784 660945045
612 979 692475288
612 882 71873133
612 1069 70548747
612 684 617091292
612 820 110034158
612 907 165392953
612 618 453852356
612 1090 464419318
612 873 854350732
2139 2350 146705347
612 1117 679207729
612 795 920879237
612 1008 429324588
612 767 82937327
612 773 184062783
612 946 689114688
612 808 305659117
612 886 904164329
612 878 390360561
612 1041 5267596
612 693 205261621
612 1100 676310284
2139 2415 734185061
612 783 447345020
612 694 353101658
612 885 779085587
612 1138 235544207
612 960 547915103
612 942 376960257
612 762 140905144
612 738 487433881
2139 2469 188134129
612 974 741610889
612 1109 209998858
612 1012 330540264
612 792 110164181
612 1077 402478851
612 948 226467364
612 683 760509945
612 800 633572932
612 833 189575312
612 941 91673908
612 1107 635461508
612 974 711778826
612 1070 688997796
612 650 100823994
612 948 426581881
612 854 511097267
612 675 908961708
612 985 710840442
612 924 223297132
612 692 177353263
612 1158 915623363
612 1079 800609009
612 956 202108654
612 1023 701090599
612 1156 988637075
612 645 810724912
612 974 650308953
612 948 24811612
612 1118 435608027
612 932 514281294
612 1104 280923328
612 856 507450668
612 1084 152942443
612 615 780519911
612 649 286719448
612 915 132060049
612 996 77900679
612 739 361717376
612 689 104015029
612 997 245662188
612 825 888281065
612 741 890063162
612 779 24742556
612 1088 239121711
612 843 800305022
612 926 930687864
612 781 152520663
612 1128 358521060
612 1127 512291900
612 720 278369333
612 673 667896526
612 830 138079528
612 1000 958971191
612 806 132715967
612 804 687556835
612 824 775214671
612 1080 151800755
612 921 206408690
612 695 332018275
612 814 140287581
612 676 254368028
612 913 662832662
612 1085 149304457
612 1132 871397984
612 1044 539607268
612 870 660703872
612 828 349449704
612 833 58895486
612 1126 623269327
612 717 423444246
612 674 857362655
2139 2232 255467923
612 830 937193535
612 1096 619905765
612 1085 681337273
612 811 658533032
612 689 122611242
612 670 309780500
2139 2914 968989934
612 870 403023750
612 1092 820582084
612 740 635086538
612 952 80119350
612 715 453794869
612 1128 464405437
612 789 922889733
612 1090 771573805
612 649 115703261
612 638 348139816
612 691 57108222
612 674 361060600
612 966 686165767
2139 2328 802315572
612 914 171616721
612 861 84439147
612 690 497704670
612 802 716074866
612 1009 499272231
612 685 579660526
612 661 117211414
612 756 694279799
612 1154 456564607
612 694 342107352
612 984 285069278
612 779 521519357
612 830 930570548
2139 3046 147781302
612 854 280707827
612 909 811879039
612 930 554091497
612 1055 718832868
612 1066 51961015
612 1075 410688227
612 832 475454151
612 673 896253914
612 1057 624649388
612 751 839773086
612 1043 614113226
612 949 978301365
612 751 534146048
612 683 212809862
612 1111 931916611
612 818 289127158
612 813 70247522
2139 2599 479726966
612 1155 935104766
612 646 654214692
612 834 835602174
612 938 568019636
612 1060 959366013
612 967 166101960
612 907 958850951
612 905 797895533
612 1004 440853262
612 628 106009426
612 947 124662434
612 693 177117717
612 794 864864060
612 645 545051866
612 889 930211513
612 614 618267924
612 753 965918067
2139 2377 984717168
612 695 267028473
612 943 892170296
612 832 725996696
612 1010 355729849
612 954 860644337
612 1042 575872214
612 903 895447561
612 708 517253722
612 985 604998930
612 712 909619966
612 666 304284529
612 774 791458094
612 845 997665888
612 911 428853297
612 677 665278701
612 727 35788724
2139 2291 701225518
612 798 137433286
612 648 916869170
612 645 288644657
2139 2440 768297525
612 847 99341496
612 928 99387218
612 1127 554380298
612 880 105272606
612 1020 117400627
612 708 897426495
612 971 736536607
612 918 595929917
612 634 651158087
612 844 117159926
612 663 396853783
612 899 146255922
612 789 993192817
612 629 245648767
612 1138 718036870
612 659 73217616
612 955 739214012
612 719 75945399
612 694 796041378
612 945 895539374
612 1014 72251697
612 656 271838758
612 940 618306281
612 1075 668184794
612 683 458036590
612 886 245976806
612 1138 565116373
612 831 961399678
612 1073 814182378
612 1065 999224795
612 1073 971906671
612 672 573644712
612 857 458623229
612 699 104715838
612 1159 385685820
612 642 711729381
612 711 215173330
612 1110 97522162
612 724 770576155
612 615 122062997
612 939 966704107
612 1126 644801824
612 901 643712279
612 983 229831181
612 724 149757199
612 1141 505613978
612 1152 15179198
612 882 850131369
2139 2566 995215505
2139 2201 874716386
612 653 405912107
612 963 884883173
612 947 16870601
612 801 415085920
612 1038 411105660
612 718 799735923
612 1132 535985060
612 1122 125180193
612 1039 20143145
612 1088 419521707
612 669 148504902
612 1123 690468556
612 1061 741437235
612 1051 662606656
612 707 271674580
612 688 901679807
612 666 681977867
612 748 694108848
612 624 114084553
612 940 591177389
612 954 855810696
612 630 656928864
612 1002 629502283
612 813 440227460
612 847 776079931
612 905 929824116
612 811 45519264
612 1113 817518296
2139 2715 10480425
612 707 118624252
612 978 502474099
612 803 360253052
612 1151 611357704
612 1141 707685151
612 867 143579941
612 1080 356925177
612 1085 318509949
612 1088 790664533
612 1061 759217300
612 984 720350469
612 1021 439325932
612 1019 172883870
612 850 230881479
612 1061 672576590
612 1064 648721310
612 934 533778269
612 669 741876424
612 1060 301997413
612 639 453522107
2139 3000 501458930
612 1030 383928160
612 731 550588173
612 718 554567015
612 1002 430847501
612 882 50590790
612 803 159107967
612 953 509184790
612 743 303285041
612 629 655844849
612 1052 541412423
612 1099 855232752
612 680 252720600
612 857 102064850
612 716 345531929
612 1028 252857230
612 1033 516649887
612 811 527488091
2139 2506 845061348
612 1011 448756376
2139 2621 606975376
612 688 948341485
612 924 267714968
612 828 128454809
612 1065 564512681
612 1063 382824195
612 854 460188677
612 1032 834484615
612 1021 941655067
612 1084 957995780
612 1055 661285898
612 934 729315448
612 839 247100397
612 678 921899384
612 903 266045315
2139 2577 466922520
612 980 809835683
612 1107 312293225
612 756 355823872
612 936 567944742
612 627 778436638
612 1109 986263146
612 780 608773363
612 985 762947927
612 892 44110303
612 873 173493258
612 824 406061204
612 1049 416345287
612 886 393832702
612 653 445214489
612 948 846798151
612 836 780012772
2139 2549 376443938
612 1009 631910348
612 1054 326541408
612 1120 746828609
612 923 797578091

