4634 4483
1063 1657 593976606
2258 3057 557831409
2258 2342 982327636
1063 1284 238562483
1063 1419 544257176
1063 1309 953540922
1063 1364 646645168
1063 1174 2301031
1063 1615 547761167
1063 1660 21579448
1063 1556 479331637
1063 1475 752344519
1063 1659 335701637
1063 1969 746491645
1063 1758 577854363
1063 1745 491828996
1063 1430 363798580
1063 1753 755816508
1063 1621 485878921
1063 1116 911170647
1063 1706 482997987
1063 1665 478257469
1063 1742 660802851
1063 1097 603322402
1063 1244 691229558
1063 1114 414914419
1063 1187 976169529
1063 1699 179065573
1063 1366 357115088
1063 1444 117384613
1063 1162 555878703
1063 1328 390419034
2258 3115 437937196
1063 1427 213289471
1063 1909 860325421
1063 1530 533171936
2258 3012 975175794
1063 1948 720164702
1063 1671 794998137
1063 1896 367498577
1063 1140 276475794
1063 1349 593727373
1063 1907 574794166
1063 1957 349940361
1063 1611 165795127
1063 1971 914715948
2258 2443 82679477
1063 1678 774093558
1063 1831 342422790
1063 1844 830861219
1063 1751 834855744
1063 1549 634542879
1063 1570 373754553
1063 1237 891135237
1063 1459 850206892
1063 1516 932463262
1063 1805 643622114
1063 1823 906147950
1063 1862 768557478
2258 2870 187227237
1063 1769 152529985
1063 1835 64459106
2258 2878 943785308
1063 1078 599531748
1063 1293 430629503
1063 1591 39325789
1063 1410 503186731
1063 1182 251565889
1063 1914 973578087
1063 1437 727386453
1063 1498 58187442
1063 1260 218345757
1063 1488 238027119
1063 1219 893755741
1063 1556 181122840
1063 1514 232365874
1063 1154 78033171
1063 1371 349964812
2258 2690 898520439
1063 1190 904718163
1063 1321 458643408
1063 1824 428059062
1063 1249 99906449
1063 1227 945771254
1063 1839 103049140
1063 1993 85274981
1063 1524 793652971
1063 1207 571305588
1063 1435 480628471
1063 1790 372433340
1063 1345 860304416
1063 1943 657478599
1063 1178 993851121
1063 1605 611282129
1063 1141 702660089
1063 1563 266030950
1063 1487 148051179
1063 1801 643379934
1063 1237 254398979
1063 1256 912023328
1063 1841 518045378
1063 1080 736827746
1063 1897 997467675
1063 1690 411886020
1063 1843 334156468
1063 1630 87733737
1063 1999 339108998
1063 1321 603105684
1063 1201 830115303
1063 1637 183485142
1063 1318 42873682
2258 2664 765524544
1063 1610 10534736
1063 1655 361109921
1063 1656 656487505
1063 1068 97484262
1063 1555 537693338
1063 1635 24577433
1063 1156 507816713
1063 1148 580914546
1063 1140 570110569
1063 1138 520422141
2256 3476 223960151
1063 1810 214760504
1063 1229 472094043
1063 1806 761118840
1063 1990 385290580
1063 1272 165465140
1063 1856 852239838
1063 1824 509943119
2258 2868 283565949
1063 1190 352428429
1063 1596 256631622
1063 1743 126056959
1063 1795 114239393
2258 2950 51195516
1063 1370 248984967
1063 1841 368173628
1063 1230 211487232
1063 1112 753880417
1063 1437 195481998
1063 1137 531812280
1063 1440 162607949
1063 1514 123542844
1063 1624 834681987
1063 1751 620077031
1063 1927 527969073
1063 1157 356847847
1063 1532 621229416
1063 1572 254599068
1063 1676 138438263
1063 1808 349226948
1063 1097 994133014
1063 1302 588801363
1063 1683 140528684
1063 1739 411206617
1063 1298 482101732
1063 1325 233486679
1063 1069 393898127
1063 1194 345132420
1063 1752 324793428
1063 1618 260363902
1063 1230 359934835
2258 2577 86287698
1063 1074 686068915
1063 1462 631163346
2258 2278 410947523
1063 1933 487929547
1063 1805 374682813
1063 1702 559668186
1063 1454 540232037
2258 3034 22631392
1063 1781 300092957
1063 1737 739449360
1063 1602 102791745
1063 1331 49905785
1063 1554 404576832
1063 1217 717067151
1063 1207 643552290
1063 1100 716631923
1063 1112 849314267
1063 1355 148302359
1063 1147 486604081
1063 1225 627081980
1063 1913 464666648
1063 1539 998116959
1063 1953 431663194
1063 1585 189307009
1063 1758 967472194
1063 1274 92743585
1063 1771 661044054
1063 1574 742761634
2258 2263 238796164
1063 1425 132974070
1063 1505 841409129
1063 1679 480266427
1063 1909 208082993
1063 1113 782556948
1063 1241 288498322
1063 1881 756176249
1063 1719 957049385
1063 1073 599680370
2258 2713 384297010
1063 1509 156760596
1063 1309 230557292
1063 1878 37364902
1063 1422 230037214
1063 1892 312415526
2258 2975 291445565
1063 1156 601955564
2258 2928 5071688
1063 1193 782803502
2258 3051 883756480
1063 1467 900505817
2258 2491 33078132
1063 1462 505296971
1063 1324 46273045
1063 1182 395281185
1063 1256 703583336
1063 1076 902875660
2258 3154 169363836
2258 3138 11170887
2258 2460 228663685
1063 1302 940596060
1063 1301 263735584
1063 1921 617869778
1063 1665 255057019
2258 2814 739780190
1063 1067 51615388
2258 2667 497670022
1063 1225 639383460
1063 1630 794013943
1063 1304 340967170
2258 2499 532990712
2258 2848 326314260
1063 1427 856009746
2258 2529 852391331
2258 2911 24256168
2258 2723 30101773
2258 3105 210919752
1063 1787 81814468
1063 1876 697177115
1063 1228 9088300
1063 1897 113837851
1063 1849 53721706
1063 1421 949625127
2258 2381 388929589
1063 1927 588822383
2258 3082 354566609
2258 2706 804421585
1063 1250 879345384
1063 1134 49634665
1063 1306 200458217
1063 1314 632763474
1063 1363 756189876
2258 2879 150111312
2258 2660 637075672
2258 2739 806614554
2258 2522 549045272
1063 1442 56568834
2258 2495 163678000
1063 1367 610494980
1063 1116 334181451
1063 1549 917417475
1063 1277 536375562
1063 1410 318599745
2258 3125 413712379
1063 1931 168311197
2258 2473 992356937
2258 2687 994522693
1063 1597 663172289
1063 1990 151784623
2258 2821 826817122
1063 1525 160269290
2258 2550 45309338
1063 1187 664275458
1063 1244 614453053
1063 1835 195624614
1063 1897 185166631
1063 1706 986032967
1063 1241 329534209
2258 2928 600230450
1063 1964 992314543
1063 1708 338585417
1063 1875 678844141
1063 1987 407846966
1063 1267 357138300
1063 1819 22000387
1063 1540 376069361
1063 1728 855802312
1063 1866 619030803
1063 1684 864015931
1063 1927 786514011
2258 3132 186675835
1063 1204 127674606
2258 2455 223243113
1063 1958 175464549
2258 3049 50604712
1063 1388 871822894
1063 1133 651020726
1063 1911 946095800
1063 1464 905640207
1063 1605 932007329
1063 1493 299449024
1063 1114 312656349
2258 3040 534772017
1063 1827 735081170
1063 1567 850357683
1063 1503 256028036
1063 1974 549855200
1063 1165 885160441
1063 1436 440350291
1063 1274 90980498
1063 1445 861036181
2258 2776 119985325
1063 1213 309625
1063 1243 3704426
1063 1928 134675611
1063 1529 547121159
1063 1956 210185838
1063 1524 635723243
1063 1795 860404171
1063 1682 388264092
1063 1471 895452418
1063 1577 435314809
1063 1518 101554697
1063 1627 128414892
1063 1529 315227839
2258 2836 437128382
1063 1980 981955103
1063 1090 97308839
1063 1934 661200986
1063 1910 460866091
2258 3144 105474574
1063 1740 576074263
1063 1849 925101128
1063 1439 320830036
1063 1317 34137267
1063 1624 638825628
2258 2577 923079218
1063 1879 343254661
1063 1963 587647025
2258 2965 664933573
1063 1227 33980453
1063 1364 580835381
1063 1183 939670664
1063 1411 454171821
1063 1133 793351835
1063 1353 738773467
1063 1467 511830392
1063 1297 375108141
2258 3049 390872486
2258 2597 956779422
1063 1618 937136315
1063 1086 361978639
1063 1751 927564696
1063 1993 314685312
2258 2973 951061019
1063 1557 952340288
1063 1804 942419995
1063 1719 408018626
1063 1537 474358239
1063 1429 356529695
2258 2952 831706081
1063 1462 719868097
1063 1692 881329591
1063 1701 474940961
1063 1888 610537482
1063 1178 259396015
1063 1299 914836059
1063 1652 329989030
2258 2955 365990551
1063 1468 157916517
1063 1498 456517129
2258 2815 674589149
1063 1530 323970720
2258 2885 952232607
1063 1654 11263101
1063 1243 689006177
1063 1788 477003975
1063 1736 328929854
1063 1385 433425710
1063 1124 546483106
1063 2002 179185466
1063 1688 555851318
2258 2777 338665449
1063 1309 55862067
1063 1767 477679218
1063 1537 529266788
1063 1731 516353210
1063 1086 686109608
1063 1881 210765776
1063 1310 534596915
1063 1118 869285339
1063 1208 860785159
1063 1466 826084822
1063 1154 621421688
1063 1699 700480980
1063 1875 845555849
1063 1423 503489252
1063 1089 135206664
1063 1457 795273370
1063 1200 340408209
1063 1749 850389613
1063 1741 642925905
1063 1337 836672812
1063 1304 933329308
1063 1606 703160040
2258 2302 66722839
1063 1426 450482514
1063 1286 970336985
1063 1792 492020249
1063 1989 141766055
1063 1963 178161027
1063 1284 124121924
2258 2998 514108274
1063 1752 993470657
1063 1204 189100477
1063 1968 692082308
1063 1405 899518640
1063 1390 717372566
1063 1400 409370923
2258 2624 572141722
1063 1452 969677469
1063 1569 73241623
1063 1862 586100005
1063 1421 45980328
1063 1344 694022559
1063 1707 989905520
1063 1487 750208370
1063 1929 226202843
1063 1265 20275913
1063 1568 380548726
2258 2302 487985219
1063 1226 475508148
1063 1374 380429536
2258 2632 761346287
1063 1326 950364874
1063 1390 133426702
1063 1877 582758243
2258 2919 92610247
1063 1889 249790827
1063 1309 860133374
1063 1287 189113879
1063 1561 471984376
1063 1634 411981779
1063 1228 287611862
1063 1686 902698691
1063 1302 597053716
2258 2855 644482283
1063 1837 929857222
1063 1888 50377426
1063 1847 708223154
1063 1731 345122265
1063 1220 17938228
1063 1961 747448428
1063 1479 906391667
1063 1205 415068782
1063 1098 871701455
1063 1253 83428086
1063 1921 645897729
1063 1564 469282660
1063 1361 944610363
1063 1137 997511434
1063 1517 482181077
1063 1621 121431626
1063 1563 35056532
1063 1216 452868229
1063 1992 610302168
1063 1336 426326806
1063 1681 958531004
2258 2948 48928801
1063 1740 822063718
1063 1861 851343924
1063 1230 558974543
2258 2947 621618086
1063 1521 684352011
1063 1690 326253404
1063 1855 371691024
2258 2391 654280370
2258 2302 151990459
1063 1224 882242071
1063 1768 422647565
1063 1524 860237310
1063 1104 758551905
2258 3117 717913399
2258 2502 157943661
1063 1481 397146107
1063 1523 364935723
1063 1107 148763708
2258 3008 283645965
1063 1563 238712563
1063 1325 336780100
1063 1330 182772403
1063 1296 138358141
2258 2684 512963222
1063 1552 126988826
1063 1570 828009828
1063 1587 244149055
2258 2913 807061636
2258 2936 761594429
1063 1239 889629725
1063 1946 197907521
1063 1675 535939054
2258 2573 774129266
1063 1271 743493350
1063 1334 17668929
1063 1137 796414593
1063 1795 236331089
1063 1591 605563059
1063 1807 194122978
1063 1644 234001151
1063 1481 345050311
1063 1100 48331644
1063 1520 376586461
1063 1103 129520077
1063 1148 947542226
1063 1974 818711280
1063 1438 321395352
2258 2797 458722749
1063 1490 937121139
1063 1463 207214183
2258 2791 333240507
1063 1109 425329963
1063 1195 862990192
1063 1821 787760195
1063 1645 467229958
1063 1720 570326638
1063 1171 850475921
1063 1227 466443761
1063 1215 499044625
1063 1411 243017111
1063 1221 937369764
1063 1809 494039510
1063 1495 968231767
2258 2999 815388095
2258 3148 890721619
1063 1420 886813790
1063 1893 484645286
1063 1809 852717060
1063 1549 41217290
1063 1652 837258341
1063 1856 749844627
1063 1176 818162840
1063 1274 966342625
1063 1077 391048091
1063 1298 745452654
1063 1527 338300770
1063 1081 78934540
1063 1171 739292182
1063 1316 874755336
1063 1503 841698537
1063 1802 924380441
2258 2324 768027247
1063 1790 736618404
1063 1608 695635772
1063 1405 999488960
1063 1661 471592633
1063 1387 674800495
1063 1647 994667819
1063 1627 747351267
1063 1122 41496513
1063 1330 415643881
1063 1739 533401979
1063 1593 703357108
1063 1277 93525536
1063 1109 455347002
1063 1458 560938480
1063 1285 416353559
1063 1709 484600907
1063 1264 457906271
1063 1539 735928382
1063 1981 943666330
1063 1970 514025374
1063 1545 356389969
1063 1907 622663939
1063 1906 12451629
2258 2740 401909817
2258 2390 521517784
2258 2687 484803121
1063 1662 136926853
1063 1779 968106574
1063 1945 577686489
1063 1855 200796609
1063 1473 828047980
1063 1990 286224955
2258 2846 765683203
1063 1197 572520869
1063 1709 659365936
1063 1069 278107536
1063 1525 251523246
1063 1219 656697352
1063 1224 256074707
1063 1743 834764255
1063 1915 901955377
2258 3011 386229118
2258 2606 260471021
1063 1463 640417984
1063 1663 876809532
1063 1839 24533811
2258 2883 10391638
1063 1884 281471980
1063 1467 459813970
1063 1133 668075695
1063 1127 387177409
1063 1674 87474963
1063 1577 964701538
1063 1805 598487739
2258 2640 893341392
1063 1873 881258519
1063 1776 598566567
1063 1503 280205079
1063 1993 214375971
1063 1125 713491579
1063 1235 696167540
1063 1602 372476659
1063 1184 586067270
1063 1784 13357087
1063 1402 863498150
2258 2364 186188724
2258 2897 763863194
2258 3038 663340235
1063 1097 7643420
1063 1821 668657331
1063 1846 422113859
1063 1889 913006171
2258 2688 511012408
1063 1999 696801515
1063 1405 434298510
2258 2735 419189428
1063 1257 75225898
1063 1270 58742713
1063 1789 647576363
2258 2902 546937737
1063 1395 140421055
1063 1963 368069499
1063 1437 51738339
1063 1526 100110285
1063 1349 572988527
1063 1674 874937102
1063 1370 893499585
1063 1247 713473810
1063 1266 645096097
1063 1480 440195631
1063 1579 941342349
1063 1644 804647188
1063 1125 942886177
1063 1800 635034483
2258 2910 4161151
1063 1185 500228223
1063 1280 231480521
1063 1502 851572378
1063 1767 159320230
1063 1471 267353739
1063 1606 239848760
1063 1222 703521829
1063 1091 846277286
1063 1733 120984710
1063 1103 81459734
2258 3126 74300663
1063 1228 495006573
1063 1669 462565381
1063 1245 839399584
1063 1957 87016969
1063 1448 350114353
1063 1625 703443645
2258 2299 573239291
1063 1106 521295861
1063 1965 317303148
1063 1878 497143959
1063 1763 532796202
1063 1710 64497090
2258 2537 787490881
1063 1807 713807328
1063 1941 891496285
1063 1203 370020896
1063 1066 185259454
1063 1501 982469150
1063 1488 960943018
1063 1701 421838846
1063 1994 380266738
1063 1499 197076965
2258 2967 951532496
1063 1187 154443610
1063 1271 795044435
1063 1912 312873803
2258 2883 194168612
1063 1714 289218265
1063 1965 124162892
1063 1947 635284059
1063 1881 921769577
1063 1698 602231479
1063 1847 184986650
1063 1448 229595262
1063 1744 616914317
1063 1616 549536108
1063 1892 419938325
1063 1310 721607229
1063 1748 267522023
2258 2769 627583115
1063 1695 631426853
1063 1231 61678895
1063 1585 756485047
1063 1376 218392103
1063 1723 778202001
1063 1446 61720941
1063 1419 971896754
1063 1285 731199555
1063 1787 99873501
1063 1640 400946368
1063 1576 863540189
1063 1087 354231380
1063 1398 244867514
1063 1703 169770106
1063 1543 287621140
1063 1943 719997593
1063 1946 775265836
1063 1241 623094475
1063 1157 221838716
1063 1487 291928139
1063 1806 153253592
1063 1637 447729983
1063 1313 90917355
1063 1071 873817979
1063 1563 374423210
1063 1216 255847578
1063 1669 501771389
2258 2281 487829462
2258 2669 98835363
1063 1949 215582465
1063 1397 721488497
1063 1240 545656472
1063 1497 303028455
1063 1107 379057961
1063 1423 328375200
2258 2835 886767692
1063 1293 139215480
1063 1859 785075158
1063 1101 722939933
1063 1850 433155714
1063 1797 145887188
1063 1407 705625051
1063 1968 127614393
1063 1385 490960023
1063 1542 324763136
1063 1094 234306943
2258 2864 501849700
1063 1589 706859644
1063 1227 13402882
2258 2450 281781488
2258 2685 817036888
2258 2668 96764305
1063 1509 390157614
1063 1866 141535311
1063 1125 451273943
1063 1262 414631857
2258 2294 347072211
1063 1708 403949770
1063 1503 412713541
1063 1422 172498909
1063 1795 581237130
1063 1993 216665038
2258 2796 41089929
1063 1606 462641705
1063 1175 72759839
1063 1175 316651095
2258 2419 234860201
1063 1784 637898894
1063 1843 20779395
1063 1421 586070186
1063 1356 69507115
1063 1416 176810318
1063 1750 838242030
1063 1190 853693211
1063 1425 209647157
2258 2308 608598866
2258 2536 860788479
1063 1380 76763963
1063 1390 800938912
1063 1772 904875665
1063 1863 773142710
2258 2571 511737829
1063 1212 969402815
1063 1381 997702576
1063 1947 276757989
1063 1611 238759579
1063 1910 157737615
1063 1905 444812737
2258 3052 473006683
2258 2675 62571568
2258 2429 895006238
1063 1133 979503727
1063 1509 869964846
1063 1909 211545663
1063 1098 497940489
1063 1269 584685996
2258 2514 145711739
1063 1608 593860287
1063 1721 666751996
1063 1865 591437323
1063 1831 143267808
1063 1581 662430671
1063 1200 986775426
1063 1654 459295622
2258 3136 987468983
1063 1611 183654510
1063 1579 500591906
1063 1535 448636520
1063 1373 612448104
1063 1477 313396793
1063 1314 108012530
1063 1785 938856980
1063 1777 136492298
2258 2775 751488833
1063 1474 767081372
1063 1076 164248888
1063 1196 581294205
2258 2501 931849124
1063 1883 981416315
1063 1237 979747039
2258 2381 203596233
1063 1311 780230936
1063 1897 290812856
1063 1273 106516329
1063 1847 865478259
1063 1250 624255766
1063 1978 412578440
2258 2258 896837212
1063 1087 629770997
2258 2916 100813218
1063 1532 825233358
1063 1640 469462401
2258 2494 571904172
1063 1330 26085960
2258 2291 827721008
1063 1130 358325292
1063 1570 684365464
1063 1924 907288985
1063 1794 321123141
1063 1472 739915909
1063 1846 399591062
1063 1626 917785193
1063 1689 315667085
1063 1542 442725147
1063 1640 115571677
1063 1959 8782129
1063 1354 617086617
1063 1676 756980812
1063 1262 578855016
1063 1302 784226601
2258 2398 917517169
1063 1601 47075043
1063 1385 514067246
1063 1642 308154880
1063 1932 765752845
1063 1468 515881240
1063 1424 326095566
1063 1242 754160733
1063 1559 32043844
1063 1410 189698611
2258 2560 883450273
1063 1402 885882692
1063 1839 775214631
1063 1525 141227390
1063 1855 810862441
1063 1133 925245522
1063 1720 397144506
1063 1148 78755185
2258 2682 279326020
1063 1135 848694576
1063 1648 586315235
1063 1691 172296949
1063 1775 540269884
1063 1271 15681132
1063 1640 355883105
1063 1621 466345447
1063 1672 972709842
1063 1419 553586285
2258 2302 74151534
1063 1421 965032171
1063 1170 258286663
1063 1565 864184416
1063 1479 624057330
1063 1367 625211886
1063 1842 686989364
1063 1901 237952884
1063 1098 909143052
1063 1984 768717215
1063 1995 477129703
1063 1437 540143497
1063 1319 592479110
1063 1633 678830853
1063 1800 546379502
1063 1802 81711
1063 1951 306285560
1063 1964 822960965
1063 1099 554131150
2258 2392 806664029
2258 2925 573093010
1063 1127 324370116
1063 1963 533966339
1063 1454 101932159
1063 1683 272392718
1063 1896 326301036
1063 1467 714745902
1063 1098 117063577
2258 3059 987942049
2258 3146 911466723
2258 2400 553594311
1063 1331 869995101
1063 1655 651932998
1063 1517 531169901
1063 1807 698106994
1063 1497 84303469
1063 1736 433459286
1063 1228 512146786
1063 1335 236332185
1063 1119 734927320
1063 1264 901516257
1063 1825 355335022
2258 2259 795233697
2258 3008 993075947
1063 1201 994248577
1063 1845 491649609
1063 1491 41404122
1063 1163 577019843
1063 1923 603898005
1063 1985 911386398
1063 1443 357282796
1063 1650 809737392
1063 1126 197181061
1063 1223 431189154
1063 1822 515297968
1063 1092 711740689
1063 1677 684188586
2258 2962 382818887
1063 1510 940648806
2258 2983 368054704
1063 1099 524801026
1063 1067 8063334
1063 1115 25496913
1063 1511 923568288
2258 2876 470761017
1063 1227 111284151
1063 1077 712510805
1063 1783 820132974
1063 1354 171075421
2258 2436 549659005
1063 1107 131063320
1063 1593 632073509
1063 1400 307110272
1063 1456 21010244
1063 1398 869582700
1063 1287 338794227
1063 1431 511554931
1063 1336 821927067
1063 1239 975409818
2258 2445 62578151
1063 1981 393997430
1063 1118 199895601
1063 1113 462798097
1063 1948 218402634
1063 1215 497664633
1063 1481 898609543
1063 1256 915761035
1063 1673 229445285
1063 1425 722005135
1063 1667 156699326
1063 1132 419616824
1063 1708 374142060
1063 1153 451303743
1063 1870 353801508
1063 1224 565471273
2258 3022 306875908
1063 1700 248690161
1063 1699 796263807
1063 1678 327776982
1063 1126 490542540
2258 2616 715078265
1063 1863 889068584
1063 1705 566392962
2258 2370 268567308
1063 1432 418417692
1063 1770 573198735
1063 1776 731272200
1063 1125 375764833
1063 1595 227783937
1063 1998 683194628
1063 1252 205415028
1063 1930 256052753
1063 1794 950345276
1063 1434 50008813
1063 1368 949941108
1063 1328 676211471
1063 1834 697884217
1063 1892 538448513
1063 1691 880892533
1063 1691 64514273
1063 1803 178513062
1063 1776 720656164
1063 1629 307648020
1063 1076 95144273
1063 1881 32221298
1063 1819 739146717
1063 1801 965323609
1063 1432 152243050
1063 1793 341847627
1063 1728 387075419
2258 2469 773292405
1063 1133 193045819
1063 1650 102724517
2258 2947 679780482
1063 1777 939678161
1063 1899 546062150
1063 1145 104039310
1063 1129 398020402
1063 1118 171793604
1063 1429 610131652
1063 1126 189510997
1063 1193 675735384
1063 1369 530818589
1063 1874 376167497
1063 1124 774981960
1063 1423 761583386
1063 1199 954396802
2258 2294 948159788
1063 1079 625207205
1063 1813 165203729
2258 3060 899615994
1063 1578 93433133
1063 1252 920752642
1063 1821 689191519
1063 2001 491444589
1063 1224 116594988
1063 1137 126460365
1063 1930 262238143
1063 1876 857006541
1063 1338 288177530
1063 1944 514752901
1063 1345 530076327
1063 1361 847237338
1063 1374 659151280
1063 1254 425227090
2258 3150 523272590
1063 1432 827742169
1063 1533 314680074
1063 1519 668784436
1063 1440 587843237
1063 1304 452375643
1063 1757 161754441
1063 1517 801027493
1063 1656 458535874
1063 1103 279035001
1063 1606 170422047
1063 1826 107028394
1063 1168 934599073
1063 1138 198017249
1063 1266 225376768
1063 1965 136381138
1063 1178 70420384
2258 2866 81743709
1063 1803 574349915
1063 1822 319154965
1063 1834 16165092
1063 1181 771231765
1063 1926 573444767
1063 1717 998099691
1063 1468 116137154
1063 1131 499000350
1063 1214 680145871
1063 1555 699318655
1063 1307 422509735
1063 1473 98815213
1063 1788 314260171
1063 1256 992444981
1063 1961 506499700
1063 1473 432901514
1063 1917 702754714
2258 2823 671246606
1063 1280 477330177
1063 1573 580714015
2258 2978 269690498
1063 1520 833177260
1063 1225 775377799
1063 1492 389405264
1063 1916 984487694
1063 1696 520108243
1063 1753 900216465
1063 1873 463573131
1063 1920 415204598
1063 1472 168738583
1063 1070 533010088
1063 1833 809689133
1063 1151 252208131
1063 1419 709040247
2258 2425 246943638
1063 1531 106101593
1063 1173 380279059
1063 1965 134377890
1063 1503 401635
1063 1230 566380794
2258 3016 646082571
1063 1564 273116749
1063 1860 825196214
1063 1533 973534454
1063 1664 983252108
1063 1278 588418649
1063 1709 930586672
1063 1142 750868403
1063 1153 517743640
1063 1785 353669762
1063 1164 866336705
1063 1190 223333358
1063 1433 428221974
2258 2709 818983692
1063 1682 848167176
1063 1223 721130101
1063 1676 469283602
1063 1264 308207513
1063 1423 442245292
1063 1363 407536527
1063 1879 288137305
1063 1506 770224659
2258 3134 628910283
1063 1820 893455368
1063 1627 443860347
1063 1860 662706248
1063 1346 271565591
1063 1916 590767309
1063 1788 791709221
1063 1982 891840309
1063 1226 997223315
1063 1330 274689512
2258 2364 827663773
1063 1101 270920067
1063 1598 573707591
1063 1224 58162773
1063 1528 636222454
1063 1855 40218899
1063 1539 241136500
1063 1714 313357438
1063 1520 512987217
1063 1696 233240397
1063 1250 221620369
1063 1839 226574507
1063 1299 567855872
1063 1683 667412585
1063 1663 386564262
1063 1448 967996389
2258 2751 665791689
1063 1911 922083717
1063 1836 47823913
1063 1417 627029435
1063 1857 218553621
2258 2749 276155114
1063 1465 749092305
1063 1131 650774722
1063 1681 164186301
1063 1699 870360469
1063 1781 807204800
1063 1395 308610326
1063 1174 468397772
1063 1543 272714212
1063 1833 179424796
1063 1253 260912288
1063 1876 300785421
1063 1516 553033405
1063 1792 89889175
1063 1302 485754929
1063 1993 354850609
1063 1158 542766546
1063 1529 91356707
1063 1915 548136452
2258 2459 658642773
1063 1312 649636112
1063 1926 845179154
1063 1145 40894639
1063 1926 169824160
1063 1685 790433770
1063 1479 526164514
2258 3104 109944187
1063 1962 488499028
1063 1216 842405386
1063 1385 165623193
2258 2604 372647198
1063 1539 927618386
1063 1919 976861397
1063 1279 69499678
1063 1737 926630909
2258 2604 637356483
2258 2261 296428452
1063 1714 374891832
1063 1801 842366847
1063 1981 268935403
1063 1286 387050700
1063 1368 114502839
1063 1872 561947693
2258 2582 463747626
1063 1178 291346363
2258 2442 431029490
1063 1255 471505084
1063 1717 541070234
1063 1079 672989608
1063 1626 480546164
1063 1329 991612473
1063 1713 993818994
2258 2680 212389027
1063 1164 57390675
1063 1910 859911180
1063 1537 65826933
1063 1362 487521096
1063 1146 847830673
1063 1332 880628954
2258 2801 924669216
1063 1651 200342583
1063 1239 915957291
2258 2641 676651898
1063 1850 111903179
1063 1894 864864641
1063 1751 182107627
1063 1806 758139047
1063 1888 553204697
1063 1641 340268750
1063 1713 466155105
1063 1711 384916525
1063 1754 288509999
1063 1902 419292112
2258 2571 201291398
1063 1362 961059519
1063 1214 508786663
1063 1363 210085681
1063 1888 70214884
1063 1510 44052612
1063 1865 929957324
1063 1230 420665825
1063 1079 737046968
1063 1478 449883048
1063 1763 506913441
1063 1208 547971438
1063 1449 939989080
1063 1447 464787068
1063 1960 102768716
1063 1615 617204181
1063 1373 604007450
1063 1372 578259338
1063 1261 525381
2258 2291 233344088
1063 1421 187345969
1063 1778 771656431
1063 1429 414699522
1063 1204 809123127
1063 1940 928261712
2258 2778 620167730
2258 2929 283754179
2258 2710 80675856
1063 1583 936730401
1063 1547 315815983
1063 1436 66913450
1063 1190 542888964
2258 2668 353441341
1063 1283 679861374
1063 1200 419548444
1063 1407 414802067
1063 1202 99621497
2258 2468 508152395
1063 1938 227992320
1063 1435 950469489
1063 1278 657510185
1063 1137 654139172
1063 1497 836186303
1063 1333 99914854
1063 1874 19484469
1063 1707 627661945
1063 1126 574783531
1063 1584 175284324
2258 2694 146134500
1063 1556 764038169
1063 1791 280296144
1063 1549 304911756
1063 1639 774264309
2258 2473 390732863
2258 3048 122941825
1063 1556 895409353
1063 1742 2095860
1063 1230 959530838
2258 3017 974388341
1063 1488 49165478
1063 1708 421511222
1063 1864 61493142
1063 1900 211072930
2258 2296 767368725
1063 1835 704466672
1063 1997 744996843
1063 1840 775526744
1063 1511 865313375
2258 2306 927749783
1063 1591 143841911
1063 1876 352484707
1063 1315 605417912
1063 1895 81247856
2258 2658 357177338
2258 2288 951673906
1063 1317 139850710
1063 1262 984016945
1063 1184 926131520
2258 2980 895691538
1063 1780 150275555
1063 1816 824894988
2258 2277 229479743
1063 1278 326493009
1063 1299 548879442
2258 3068 644110505
1063 1190 447374188
1063 1100 909522586
1063 1458 126775736
1063 1169 616805915
1063 1234 770173644
2258 2596 815155208
1063 1615 212346339
1063 1615 284478513
1063 1261 115493568
1063 1766 98306481
1063 1189 720736670
1063 1881 526840909
1063 1889 203857900
1063 1984 21057777
1063 1610 936683281
2258 2597 795810460
1063 1260 896896085
1063 1219 49992074
1063 1762 492303175
1063 1781 135404537
2258 2821 134070443
1063 1839 510812638
1063 1340 948458547
1063 1121 698748039
1063 1301 379942626
1063 1270 76282449
1063 1789 536528275
1063 1188 282923533
2258 3123 132007372
1063 1938 928222502
1063 1848 105494586
1063 1281 284015314
1063 1567 332109822
1063 1243 247721061
2258 2603 237347863
1063 1522 416680973
1063 1859 541806065
1063 1616 402368981
1063 1550 363705995
1063 1531 196490884
1063 1405 827562336
1063 1899 129871981
2258 2434 731149090
2258 2440 419298643
2258 2926 451305196
1063 1137 69805738
1063 1173 195884352
1063 1536 73011307
1063 1187 377347085
1063 1760 207692175
1063 1679 902610285
2258 2514 944146947
1063 1172 766206246
1063 1957 843554337
1063 1780 232459140
1063 1130 68049282
1063 1653 408005691
1063 1556 213526656
1063 1194 950329147
1063 1390 854889383
1063 1405 828990384
1063 1679 356637782
2258 2474 547721760
1063 1738 999489213
1063 1669 328103073
1063 1987 624813858
1063 1819 483915580
1063 1803 257878568
1063 1400 498957288
1063 1708 936805129
1063 1503 851699508
1063 1433 931620613
1063 1173 182330852
1063 1152 702517142
1063 1115 26605415
1063 1257 747308022
1063 1469 192034582
2258 2552 490225482
1063 1251 695124763
1063 1100 44679673
1063 1232 902184102
1063 1548 460313284
1063 1362 652682531
1063 1425 295705941
1063 1661 9878156
1063 1550 919342443
1063 1614 439181385
2258 2661 272658477
1063 1634 244512790
1063 1405 104914035
1063 1836 38914883
1063 1209 969288867
1063 1935 857816916
1063 1588 253752639
1063 1384 689591434
1063 1321 278140789
1063 1827 556830766
1063 1756 931312762
1063 1264 920109094
1063 1603 142572669
1063 1091 15729979
1063 1582 359804875
1063 1231 302561300
1063 1232 404467711
2258 2504 447685835
2258 2725 322191151
1063 1972 529769307
1063 1971 922139556
2258 2718 909450729
1063 1700 438962776
1063 1614 712524598
1063 1169 498634815
1063 1335 83596199
1063 1718 200933991
1063 1351 716644996
1063 1236 75111283
1063 1426 838658772
1063 1933 923184624
1063 1555 873631717
2258 2990 582652897
1063 1202 250676383
2258 2952 574098173
1063 1918 739454272
1063 1637 811858346
1063 1531 29077982
1063 1868 866504934
1063 1559 455998201
1063 1664 747199887
2258 2526 734563911
1063 1942 970029117
1063 1150 241524137
1063 1939 815298907
1063 1093 298100443
1063 1821 746936926
1063 1173 418857697
1063 1276 739824297
2258 2767 415636735
2258 2654 322828739
1063 1851 654616994
1063 1654 410072403
1063 1310 73779289
1063 1467 733383134
1063 1222 345667343
2258 3027 549093562
2258 2417 691918929
2258 2965 430556979
1063 1847 469471095
1063 1849 834702176
1063 1324 302681064
1063 1914 387273015
2258 2359 297175289
1063 1210 904461881
2258 3053 358987352
1063 1482 50574252
1063 1844 230910956
1063 1470 829889679
1063 1781 864719432
1063 1979 301923070
1063 1758 112042415
1063 1923 807813964
1063 1461 917104627
1063 1634 246324691
1063 1299 919832748
1063 1342 681531734
1063 1545 678905240
1063 1778 296168849
1063 1667 327956379
1063 1942 461027781
1063 1209 536709840
1063 1103 119647024
1063 1494 731755951
1063 1230 869759239
1063 1179 471364016
1063 1423 842846477
2258 2694 666935581
2258 3021 69719417
1063 1606 594426395
1063 1755 637367855
1063 1568 912800420
1063 1220 34397245
1063 1676 867361169
1063 1866 949101140
1063 1117 386279089
1063 1222 252188203
1063 1884 354310824
2258 2654 773441705
2258 2279 769602061
1063 1416 642797024
1063 1617 601766154
2258 2974 317386584
1063 1191 394107195
2258 2500 115834172
1063 1239 758606673
1063 1589 982850799
1063 1754 41915201
2258 2942 555407443
1063 1623 619896542
1063 1791 316439724
1063 1782 714632488
1063 1388 817243104
1063 1064 784507351
1063 1505 968077470
1063 1385 634358418
1063 1268 95842826
1063 1667 855729925
1063 1963 377571760
1063 1174 794027094
1063 1407 293132546
1063 1391 20283847
1063 1660 826255297
2258 3020 861189234
1063 2002 158288
1063 1738 691038585
1063 1393 780909918
2258 2638 826929305
1063 1288 307719614
2258 2995 967151799
1063 1664 699592269
1063 1830 29466100
1063 1187 149001203
1063 1087 914918779
1063 1521 63638072
1063 1510 151698590
1063 1749 428886333
1063 1217 184276377
1063 1514 824782144
1063 1842 88215896
2258 2260 441036063
2258 2562 832445116
1063 1876 601141893
1063 2002 978794629
2258 2868 871885711
1063 1922 509487758
1063 1227 181100778
1063 1802 791463479
1063 1135 992408575
1063 1675 529911076
1063 1824 628972385
2258 2587 353983122
2258 2448 683866242
1063 1471 524470333
2258 2869 749363272
1063 1503 59654121
1063 1910 220991025
1063 1731 469457778
1063 1251 805582897
1063 1912 590799944
1063 1677 941287350
1063 1752 605892926
1063 1200 852347657
1063 1214 998444495
1063 1071 351426327
2258 2330 562771673
1063 1301 848920486
2258 3026 587494726
1063 1482 455962170
1063 1063 821238225
1063 1283 24654567
1063 1461 607507741
1063 1547 985655693
1063 1637 767349050
1063 1761 103346625
1063 1599 712761789
1063 1211 582116960
1063 1834 491306787
1063 1494 407280017
1063 1201 79107071
1063 1991 116385758
1063 1757 911179626
1063 1720 379491243
1063 1626 738326799
1063 1884 393009899
1063 1098 522428667
1063 1690 324279839
2258 2364 947279200
1063 1235 68638375
2258 2344 283835585
1063 1424 948517976
1063 1650 249698525
1063 1369 843346099
1063 1776 925051244
1063 1411 917231343
1063 1129 270666876
1063 1329 120281355
1063 1975 422256979
1063 1676 45392891
2258 2599 358129831
1063 1459 476428929
1063 1331 192771546
1063 1168 347929579
2258 2426 975891866
1063 1559 179652774
2258 2871 408292913
1063 1977 890458015
1063 1574 613050918
1063 1208 346404499
1063 1415 123201701
2258 2290 964825816
1063 1706 100611479
1063 1269 829001666
1063 1089 665771541
1063 1293 564966917
1063 1071 283502398
1063 1145 531660461
2258 2479 436753600
1063 1708 826603218
1063 1106 472766759
1063 1291 899088426
1063 1150 840704610
1063 1543 601145974
2258 2917 6189214
1063 1864 825710011
2258 2426 547607643
1063 1970 589082723
1063 1165 505498492
1063 1509 577698479
1063 1471 857236605
1063 1319 559692408
1063 1163 902875791
1063 1653 208807268
1063 1909 117988159
1063 1795 421383787
1063 1153 108632569
1063 1448 960290115
1063 1276 370786665
1063 1834 30890726
1063 1305 543155950
1063 1383 675301841
2258 2736 661515714
1063 1206 452160751
2258 2431 564979286
1063 1791 506214156
2258 2756 841821069
1063 1949 33950311
1063 1218 245299364
2258 3110 286240781
1063 1198 197281325
1063 1065 714523149
1063 1561 364927411
1063 1247 762607628
1063 1893 108343259
1063 1898 605717109
1063 1590 761386443
2258 3074 648023246
1063 1705 163533733
2258 2642 746441550
1063 1776 956587812
2258 2536 581007258
1063 1349 516170429
1063 1580 943912106
2258 2522 698371043
2258 3010 698381691
1063 1337 861763771
1063 1699 379901628
1063 1652 825864911
1063 1338 845740350
1063 1462 472265540
1063 1843 282438317
2258 2586 977303450
1063 1683 628875403
1063 1800 313530992
2258 3005 339989023
1063 1802 707602542
1063 1450 409231189
1063 1271 175003486
2258 2773 768989400
1063 1272 566432230
1063 1640 239057069
1063 1386 132953893
1063 1665 795428282
1063 1500 92076820
1063 1403 483123641
2258 2549 862966404
1063 1364 640741016
2258 2553 389649724
1063 1528 914019625
1063 1257 760281489
1063 1141 156052563
2258 3002 44099029
1063 1398 128366070
1063 1884 706713564
1063 1382 859423758
1063 1610 615720870
1063 1787 825795424
1063 1142 366698604
1063 1581 797165647
1063 1751 713803349
1063 1853 983785005
1063 1234 166219461
1063 1152 749878800
1063 1335 336810307
1063 1696 164940218
1063 1938 120950488
1063 1907 405246675
1063 1063 868992169
1063 1449 753142306
1063 1486 882546711
1063 1504 983464431
1063 1763 169307869
1063 1938 424578956
1063 1628 357370044
2258 2930 927854002
1063 1296 897554659
1063 1367 755393675
1063 1355 880423022
1063 1837 502086554
2258 3075 337064518
1063 1292 876858287
1063 1606 489144589
1063 1777 147710450
2258 3089 534406323
1063 1460 940008169
1063 1863 655158789
1063 1593 940306086
1063 1730 905822431
1063 1968 477029883
1063 1066 51785293
1063 1670 609363099
1063 1622 122115456
1063 1789 60011272
1063 1529 518270640
1063 1541 245941729
1063 1460 642358235
1063 1731 796824741
1063 1291 92367622
1063 1636 991747285
1063 1839 972536855
2258 2267 216452531
2258 2264 992559227
1063 1878 573648264
2258 2262 517385090
1063 1427 68733713
1063 1757 967846266
1063 1555 923981794
1063 1924 518718597
2258 2546 895298201
1063 1127 570538421
1063 1607 323362257
1063 1114 957161658
1063 1714 261607210
2258 2478 895325777
1063 1660 940464829
2258 2747 586311671
1063 1212 264535828
1063 1649 644016441
1063 1540 604657597
1063 1670 353820483
1063 1876 439266788
2258 2281 950105156
1063 1727 999109913
2258 2988 212825083
1063 1159 859846478
1063 1839 95747023
1063 1917 561143741
1063 1334 98277154
2258 2476 148025726
1063 1944 630475930
1063 1275 969781991
1063 1319 583445956
1063 1828 341091475
1063 1964 802247294
1063 1568 292151852
1063 1135 577511455
1063 1749 879344355
1063 1677 275501891
1063 1543 157592617
1063 1870 161025027
1063 1269 262390204
1063 1746 837486428
2258 2547 690492896
2258 3112 479708832
1063 1642 49238142
1063 1275 137347804
1063 1476 877831284
1063 1238 995930952
1063 1816 513819445
1063 1866 601187674
1063 1133 38250331
1063 1522 752642396
1063 1748 579063802
1063 1269 422395497
1063 1258 63415528
1063 1181 414851965
1063 1211 153812409
1063 1761 432662724
1063 1364 391766026
1063 1926 546300127
1063 1812 440237919
1063 1654 214008722
1063 1455 913851261
1063 1844 456256226
1063 1977 145320620
1063 1469 210437011
1063 1782 303991513
1063 1474 939035453
1063 1067 108368092
1063 1753 851462073
2258 2892 638193671
1063 1126 298178420
1063 1713 84237214
1063 1094 511734524
1063 1600 181605691
2258 2306 432034833
1063 1791 791955776
1063 1576 5206165
1063 1505 556326950
1063 1814 517075997
1063 1225 673042981
1063 1639 277948493
2258 2603 470446049
1063 1160 413521070
1063 1753 255463818
1063 1187 554301613
1063 1795 855076441
1063 1404 396497162
1063 1103 472143315
2258 2446 131652696
1063 1798 630068155
1063 1333 490486838
1063 1789 931915821
1063 1625 786518077
1063 1958 252168668
1063 1444 652927089
1063 1677 423970097
2258 3095 558168765
1063 1803 926972524
1063 1429 845617194
1063 1920 393001669
1063 1929 894239952
2258 2537 294234845
1063 1164 213681675
2258 2578 856574356
1063 1852 66895085
1063 1753 588229497
2258 2368 676466742
1063 1592 389303682
1063 1737 75313466
1063 1483 247716512
1063 1347 349977346
1063 1416 738215873
1063 1946 674709276
1063 1381 640899754
1063 1443 7776960
1063 1805 578093219
1063 1709 800357162
1063 1880 149862356
1063 1794 425259
1063 1279 65099144
1063 1207 424939400
1063 1085 597515801
2258 2568 934579685
1063 1365 999858779
1063 1646 475818920
1063 1252 107412832
1063 1819 294187225
1063 1932 422634837
1063 1823 608124226
2258 2613 69167403
1063 1151 632455894
1063 1244 777661813
1063 1204 280444065
1063 1696 886463420
1063 1519 39060057
1063 1817 175658624
1063 1456 453260289
1063 1369 196845459
1063 1094 980691902
1063 1830 762499551
1063 1555 764593630
1063 1209 724419438
1063 1228 991742709
1063 1229 82910027
1063 1404 794709162
1063 1388 746360997
1063 1730 535886288
1063 1599 341807688
2258 2820 940614876
1063 1953 99281954
1063 1743 241500051
1063 1308 783054202
1063 1988 914751277
1063 2001 859735883
1063 1587 15338483
1063 1515 131128292
1063 1190 455485995
1063 1937 822200289
1063 1530 375910366
1063 1425 148609897
1063 1918 550373367
1063 2001 655493268
1063 1833 851707199
1063 1085 463466473
1063 1830 425449131
1063 1249 626165872
2258 3005 645760022
1063 1895 526908907
1063 1950 617801740
1063 1293 368205427
2258 2968 980727294
1063 1991 302419133
1063 1451 360447898
1063 1559 999544188
1063 1693 403369919
1063 1373 293656321
1063 1370 881044582
1063 1853 519942353
1063 1505 409907193
1063 1877 353050718
1063 1410 174872813
2258 2525 172028626
1063 1523 685645131
1063 1979 391859532
1063 1224 998689406
2258 3005 382365627
1063 1300 294069646
1063 1272 31391738
1063 1446 396066054
1063 1809 61466404
1063 1514 516145254
2258 2982 826666629
1063 1551 157424812
1063 1778 988017377
1063 1874 125963208
1063 1693 130841178
1063 1977 824016403
2258 2415 321897433
1063 1599 367464671
2258 2830 26677083
1063 1468 959339347
2258 2315 911950150
1063 1959 498019294
1063 1439 720355826
1063 1598 201814129
1063 1579 49643658
1063 1695 878943351
2258 3053 655668610
1063 1145 578600941
1063 1636 306451233
1063 1860 22781894
1063 1158 852198109
2258 2565 183669251
1063 1285 255649073
1063 1848 838640264
2258 2357 581154872
1063 1740 385826586
2258 2678 568571456
1063 1336 581847417
1063 1838 638111960
1063 1903 725186537
1063 1216 158212853
1063 1291 929619916
1063 1360 606941401
1063 1131 399419979
2258 2700 631366907
1063 1094 751201596
1063 1705 433816090
2258 2806 999494241
1063 1856 73956186
1063 1579 455197046
1063 1521 622584487
1063 1494 509337431
1063 1501 492111913
1063 1524 801244667
1063 1205 960964634
1063 1903 390747317
1063 1593 221804994
1063 1309 201629401
1063 1511 815766636
1063 1081 627186345
1063 1960 218485958
1063 1989 515597346
1063 1256 559049120
1063 1774 63905169
2258 2286 924215352
2258 2401 1484042
1063 1355 839284289
1063 1704 276585535
1063 1541 104790116
1063 1185 261669105
1063 1478 760619263
1063 1611 932840964
1063 1992 58383337
1063 1107 389531433
1063 1552 469945444
2258 2436 608162593
1063 1398 856852515
1063 1743 540765078
1063 1657 137267991
1063 1752 791264026
1063 1502 884116395
1063 1132 632047416
1063 1996 110467027
2258 2785 249386242
1063 1155 938440294
1063 1502 910334669
1063 1443 995718414
1063 1489 992013830
1063 1765 814184170
2258 2684 365781290
2258 2923 382591557
1063 1538 98464145
1063 1792 10249511
1063 1832 707422315
1063 1432 528009271
1063 1160 236677255
1063 1655 396333183
1063 1886 650498692
1063 1316 839698828
1063 1454 75240039
1063 1932 139492981
2258 2460 51025035
1063 1636 239242539
1063 1919 959977550
1063 1767 867025850
1063 1251 188167899
2258 2397 841740791
1063 1597 751860688
1063 1092 268333350
1063 1095 472064696
1063 1959 41446732
2258 2670 773941217
1063 1491 131899121
1063 1613 838298138
1063 1778 594857722
1063 1700 244340646
1063 1980 729812600
1063 1546 622609870
1063 1849 546761321
2258 2662 135029615
1063 1630 607559994
1063 1279 40142003
1063 1794 691848973
2258 2447 877010600
1063 1933 916343505
2258 3156 14457019
1063 1403 235661758
1063 1356 824131658
1063 1725 601818173
1063 1996 387388279
1063 1183 886252394
2258 3062 954811766
1063 1208 41010463
1063 1540 213051928
1063 1275 15939026
1063 1933 652113232
1063 1984 284590660
1063 1619 231988186
2258 2685 874545817
1063 1566 652025215
1063 1347 510847338
2258 2292 413742128
1063 1385 108946926
1063 1711 668283144
1063 2002 29930959
1063 1734 344959976
1063 1485 908648039
2258 2323 473153105
1063 1547 713950576
1063 1817 426493242
1063 1666 479565950
1063 1189 357202740
1063 1380 911189174
2258 2684 174376860
1063 1881 912381746
1063 1816 36909459
1063 1997 561232570
1063 1637 666432019
1063 1765 326635125
1063 1324 508514040
1063 1360 19160831
2258 2714 539675163
2258 2461 106188882
1063 1878 513534607
1063 1184 126981180
1063 1806 27662220
1063 1140 978502412
2258 2918 563491647
1063 1235 790613291
1063 1087 516732940
1063 1353 488935187
1063 1594 754519269
1063 1445 891930524
2258 2906 78158006
1063 1769 414937122
1063 1584 573597054
1063 1118 240802071
1063 1894 879939469
1063 1732 454000847
1063 1664 864745917
1063 1895 983783918
1063 1230 130728609
1063 1921 386008273
1063 1847 392722430
1063 1331 548981403
2258 3049 140629109
1063 2002 579091069
1063 1340 880044694
1063 1115 785448066
1063 1357 597962500
1063 1114 33496966
1063 1875 379913258
1063 1800 810976196
1063 1520 632497989
1063 1148 885673780
1063 1190 44665925
1063 1594 407291734
1063 1814 864364597
1063 1549 212331527
1063 1554 202233321
1063 1862 407018972
1063 1943 371152753
1063 1410 161368562
1063 1749 942408047
1063 1423 727826726
1063 1609 985317559
1063 1975 191986048
1063 1575 874028847
1063 1326 342392614
1063 1558 239842721
1063 1161 431302290
1063 1609 767774250
1063 1305 129046310
1063 1740 276455192
1063 1587 846913718
1063 1511 849857327
1063 1462 327620902
1063 1576 77628367
1063 1101 134904988
1063 1695 712133351
2258 2901 730104440
1063 1191 778706065
1063 1962 945546869
1063 1495 655735860
1063 1575 608508247
1063 1706 535871223
1063 1529 238693585
1063 1384 682402221
1063 1531 388471499
1063 1109 950944951
2258 2609 588892507
1063 1678 435443214
2258 2348 637588021
2258 3149 174087056
1063 1753 867443855
1063 1320 713372153
1063 1437 682888586
1063 1355 966055987
2258 3116 588880073
1063 1802 131031879
1063 1336 210834403
1063 1898 656726302
1063 1711 34983811
1063 1211 686875656
1063 1186 458563754
1063 1517 384718193
1063 1691 412549499
1063 1327 992101136
1063 1186 30343989
1063 1699 670956370
1063 1413 458959667
1063 1326 62096021
1063 1777 679251885
2258 2781 173873724
1063 1253 179892897
1063 1154 478419107
1063 1891 660618798
1063 1770 832261287
1063 1965 721445760
1063 1810 620995132
1063 1580 305137195
1063 1783 500348954
2258 2924 990459814
1063 1410 615394035
1063 1747 251151686
1063 1335 415639845
1063 1784 17356433
1063 1763 800086965
1063 1700 562293104
1063 1090 100360774
1063 1734 634318476
1063 1765 160242491
1063 1485 101529713
1063 1280 407471519
1063 1218 697336
1063 1598 977352294
1063 1709 338786948
1063 1108 696987913
1063 1608 827195507
1063 1101 643832173
1063 1702 230229075
1063 1918 631690549
1063 1106 674569566
1063 1234 632240552
1063 1197 551914083
1063 1185 332667334
2258 2750 425453299
1063 1939 793272519
1063 1881 631940137
1063 1469 622216248
1063 1981 173538651
1063 1217 368103919
1063 1658 422157574
2258 2479 998126159
1063 1268 47141393
1063 1714 337551168
1063 1168 120438752
1063 1955 758508730
1063 1778 373709997
1063 1356 467648199
2258 2846 561356185
1063 1545 661965678
1063 1580 86425499
1063 1654 709376473
1063 1922 631863959
1063 1491 53943348
2258 2404 423094322
1063 1804 735583369
1063 1855 535549825
1063 1925 610785747
1063 1099 682614917
1063 1124 320308791
1063 1240 906802465
2258 2377 953333432
1063 1612 425278871
2258 2442 456329098
1063 1910 665828564
1063 1960 10484808
2258 3134 476810786
1063 1193 546974638
1063 1641 975388678
1063 1434 958783382
1063 1662 975795451
1063 1425 503718973
1063 1594 632291854
1063 1291 650333472
1063 1916 232190005
1063 1978 756279696
1063 1532 279469825
1063 1427 148853410
1063 1529 321315439
1063 1705 615068092
2258 3147 691972354
1063 1271 321682040
1063 1879 990541349
2258 2284 579220405
1063 1742 605609879
1063 1474 995662971
1063 1963 229200455
1063 1553 860573032
1063 1215 950507055
1063 1493 885230865
1063 1795 487068611
1063 1689 1120836
1063 1469 595998735
1063 1970 52088871
2258 2613 663586247
2258 2804 607078323
1063 1350 96985803
1063 1680 281468019
1063 1292 839278968
2258 3039 960454006
2258 2605 352763003
2258 2431 98388801
1063 1698 758730883
1063 1396 945089594
1063 1540 210224576
2258 2403 252653449
2258 2528 236197485
2258 2920 392992051
1063 1942 443006336
1063 1107 66503631
1063 1326 456150984
1063 1353 198033336
1063 1720 879587186
1063 1540 985656442
2258 2712 449322299
2258 3030 174798220
1063 1343 671995249
1063 1313 354495569
1063 1652 310641693
1063 1076 16570170
1063 1958 191194681
1063 1108 670315137
1063 1588 500715635
1063 1387 691664626
1063 1532 868539065
1063 1699 825350616
1063 1990 545855167
1063 1987 807506217
1063 1871 859691314
1063 1927 297393362
1063 1968 837929118
1063 1293 112751465
1063 1336 799484365
1063 1238 637590409
1063 1158 286655961
2258 2356 543085080
1063 1669 902931205
1063 1640 193285820
1063 1445 372746956
1063 1923 93291970
1063 1094 881782325
1063 1667 11768468
1063 1767 704567159
2258 2656 702703827
1063 1601 47165730
1063 1376 331973953
1063 1250 927003138
1063 1720 303159891
1063 1291 75756971
1063 1376 348965243
2258 2356 11018695
2258 2893 392398941
1063 1719 9856171
1063 1832 362422696
1063 1521 172825662
2258 2388 65429059
1063 1687 743277888
1063 1311 180832858
1063 1538 832450289
1063 1851 891362276
1063 1655 814788387
1063 1121 957352462
1063 1230 12895566
1063 1428 53642159
1063 1075 909138000
1063 1569 84342545
1063 1477 288766273
1063 1748 332167262
1063 1893 83186039
1063 1576 962611995
1063 1651 795831349
1063 1619 71370284
1063 1834 723422250
1063 1624 936340218
1063 1245 526033209
1063 1497 748072140
1063 1835 231162202
2258 2733 961520590
1063 1341 831704079
1063 1976 60843702
1063 1785 5596658
1063 1883 600280195
1063 1682 267426833
1063 1977 947611396
1063 1980 977305423
2258 2524 762469678
1063 1170 551062956
1063 1800 924035581
1063 1448 998186028
1063 1279 194285446
1063 1774 404787916
1063 1353 342173684
1063 1327 785480230
1063 1323 787097915
1063 1649 489960806
1063 1749 203971652
1063 1067 481441482
2258 2322 896273029
1063 1197 520364193
1063 1837 15038105
1063 1296 994770232
1063 1633 500424884
1063 1887 806654397
1063 1698 727720063
2258 2759 802701971
1063 1300 947929561
1063 1860 491118262
1063 1104 211810390
1063 1774 48490503
1063 1733 849361448
1063 1091 147372592
1063 1618 967589178
1063 1394 174880276
2258 2798 867881214
1063 1823 630411910
1063 1995 354403058
1063 1906 699268457
1063 1073 382465678
2258 2928 664372713
1063 1866 783193974
2258 2535 571104340
1063 1574 322729581
1063 1706 213835588
1063 1949 827640092
1063 1689 470418540
1063 1785 587858814
1063 1163 907398336
1063 1830 783210816
1063 1306 136438151
1063 1202 312669079
1063 1768 255568453
1063 1655 873815285
1063 1932 606094510
1063 1809 931346919
2258 2328 82677881
1063 1808 481017267
1063 1787 389715501
1063 1319 315583244
1063 1762 116820762
1063 1577 924476381
1063 1875 417827585
1063 1513 346942962
1063 1336 965475200
2258 2809 483704056
1063 1297 107034014
1063 1689 904317875
2258 2857 292126155
2258 2507 657065338
1063 1207 971218576
1063 1268 45157288
1063 1877 38698317
1063 1259 627415879
2258 2749 915084541
1063 1958 595207504
2258 2757 260453387
1063 1380 787589189
1063 1961 137880048
1063 1580 955643915
1063 1964 388937479
1063 1448 516327811
1063 1087 853084338
2258 2470 119837627
1063 1194 991293326
1063 1481 718266401
1063 1234 907284090
1063 1494 924213554
2258 2871 665432926
1063 1871 684150771
2258 2580 287656220
2258 2831 246654420
1063 1549 932028699
1063 1511 608730094
1063 1143 790689481
2258 3108 958698444
1063 1511 346699445
1063 1620 32299693
2258 2767 100701749
2258 2511 576971763
1063 1452 28661258
1063 1579 935803601
2258 2265 88415313
1063 1741 929431430
1063 1636 765760164
1063 1152 962761044
1063 1661 373499192
1063 1938 358698921
1063 1474 600394248
1063 1853 278573089
1063 1761 934726217
2258 2679 778575032
1063 1671 379912356
1063 1615 366995814
1063 1928 566546255
1063 1957 715247230
2258 2798 472815104
1063 1096 248942255
1063 1261 840776264
1063 1642 16518196
1063 1410 662773030
1063 1529 246556753
2258 3072 163536399
1063 1659 586096535
1063 1070 370185252
1063 1880 494538979
1063 1373 942830842
1063 1341 813913219
1063 1590 697615435
1063 1647 111762992
1063 1946 80156353
1063 1330 18684253
1063 1432 341185599
1063 1372 149729563
1063 1431 260061489
1063 1221 561823740
1063 1502 54749276
1063 1752 432051266
1063 1473 849462847
1063 1194 821611385
1063 1924 446834662
1063 1686 157173001
2258 2716 756718955
1063 1247 983849760
1063 1645 710910774
1063 1305 369516774
1063 1498 867816355
2258 2999 730040595
2258 2525 39731153
1063 1834 258475244
1063 1551 589951787
1063 1395 515181664
1063 1906 889019501
1063 1451 861499134
1063 1346 866826272
1063 1365 632495927
1063 1619 175982000
1063 1798 711466591
1063 1264 674325930
1063 1582 437611509
1063 1474 952423275
1063 1596 807718001
1063 1232 612776687
1063 1992 178571320
1063 1738 968473237
1063 1900 161597371
2258 2682 128002312
1063 1609 108286814
1063 1410 587902449
1063 1283 212288625
1063 1978 57642575
1063 1630 981292386
1063 1419 889015495
1063 1917 699130500
1063 1333 751549598
1063 1836 284836253
1063 1816 620507945
1063 1803 525585727
1063 1952 924422285
1063 1656 691686651
1063 1359 502174026
1063 1402 217049546
1063 1695 118244993
1063 1720 123968123
1063 1141 15830977
1063 1879 244852723
1063 1945 369590355
2258 2383 418096807
1063 1322 157059080
1063 1558 246479812
2258 3086 516981139
1063 1696 732480434
1063 1469 539249925
1063 1684 811901526
1063 1541 39083356
1063 1346 757766570
1063 1251 700313172
1063 1326 288862854
1063 1948 93057440
2258 2612 631337288
1063 1450 475762178
2258 2366 659615497
1063 1790 540392898
1063 1373 822433082
1063 1591 817754311
1063 1180 320797045
1063 1921 173624064
1063 1400 418364325
2258 2410 6513712
1063 1613 22952518
1063 1194 499732368
1063 1856 957344489
1063 1899 3981791
2258 2694 736287948
1063 1790 78598967
1063 1864 219575767
1063 1390 241229791
1063 1668 415762121
1063 1412 513874442
1063 1204 144078162
1063 1386 555698502
1063 1855 322102817
1063 1140 978467733
2258 2520 988276476
1063 1471 618117276
1063 1972 404597425
2258 2984 605529008
1063 1565 912472455
1063 1587 531781563
1063 1575 923528663
2258 2312 49629156
1063 1584 767616789
1063 1213 722569321
1063 1222 552173854
1063 1826 731143375
2258 2736 730435698
1063 1081 481816366
1063 1523 363022476
2258 2585 662377231
1063 1478 261851090
1063 1438 386701152
2258 2549 671418103
1063 1308 428837626
1063 1313 567880723
1063 1974 407543537
2258 3101 933186659
1063 1660 39662373
1063 1193 94993751
1063 1962 235870875
2258 2457 351042932
2258 3038 831473615
1063 1115 568175390
1063 1947 396127515
1063 1697 843595276
1063 1623 698170698
1063 1337 579515072
2258 2279 251441002
1063 1205 821789225
1063 1225 714761116
1063 1842 703870451
1063 1709 152267124
1063 1555 256606998
1063 1375 429930686
1063 1159 764775479
2258 2373 429740279
1063 1580 449652609
1063 1684 513264339
1063 1063 222128161
1063 1859 330753636
1063 1518 893939984
1063 1427 83364304
1063 1336 436854838
1063 1269 305899826
1063 1671 680221894
1063 1707 588600299
1063 1473 640430039
1063 1269 731399262
1063 1251 445852458
1063 1333 756856674
2258 2653 409050944
1063 1825 272331858
1063 1565 511475239
1063 1617 828821832
2258 2420 408326551
1063 1509 415658096
1063 1932 105802630
1063 1264 973385289
1063 1419 667122932
1063 1474 638664016
1063 1089 106097202
1063 1761 591906167
1063 1769 653335504
1063 1938 998901053
2258 3058 744903579
1063 1960 438091608
1063 1969 764360370
1063 1069 853988656
1063 1335 654136102
2258 2338 592458656
1063 1523 982413828
1063 1999 703160236
1063 1871 947503261
1063 1359 794178782
1063 1575 850766512
1063 1600 115685205
2258 2762 645964805
1063 1296 717154510
1063 1314 351386909
1063 1475 164810063
1063 1793 77770629
1063 1572 183574300
1063 1702 229059915
2258 3054 777606672
1063 1872 773670565
1063 1779 604889974
1063 1758 262500152
1063 1921 934118747
1063 1702 189026094
1063 1868 646011862
2258 2595 59853520
1063 1799 611037734
1063 1794 873719014
1063 1638 841008701
1063 1660 310250171
1063 1182 707690392
1063 1342 586998469
1063 1553 320577617
1063 1842 979476771
2258 2951 663803101
1063 1892 697296182
1063 1111 619555754
1063 1478 771085788
1063 1745 888018182
1063 1105 695127002
1063 1091 71902077
1063 1252 482290413
1063 1292 97199990
1063 1779 724082982
2258 2651 475933789
2258 3007 436606445
1063 1272 274501859
1063 1857 891726258
1063 1103 190345103
1063 1323 953551898
1063 1524 959396395
2258 2855 103014256
1063 1912 843710968
1063 1644 168872997
2258 2635 533793603
1063 1576 620278184
2258 2773 924070520
1063 1199 16572467
1063 1078 511850971
2258 2897 976523472
1063 1390 13356700
1063 1346 615298453
1063 1630 302068631
1063 1233 168922680
1063 1939 426405729
1063 1714 16990140
1063 1186 838447757
1063 1834 104994771
1063 1925 270648658
1063 1089 538106518
1063 1301 868023632
1063 1374 837338503
1063 1893 430715410
1063 1822 486240406
1063 1908 406698893
1063 1575 140050831
2258 2917 24739176
1063 1694 391553535
1063 1344 345949637
1063 1925 527455021
1063 1648 163152019
1063 1549 501052280
1063 1512 119211558
2258 2424 536701978
1063 1235 650745926
1063 1893 156837405
2258 2335 483208284
1063 1871 284887684
1063 1205 143859529
1063 1820 864592020
2258 3079 165717300
1063 1681 494387145
2258 2289 288058341
1063 1304 247718129
1063 1865 171187297
2258 2692 117085018
2258 2586 206463448
1063 1868 929775670
1063 1481 23139009
1063 1278 494463909
1063 1526 724341313
1063 1517 540645577
1063 1889 321466559
1063 1613 799234012
2258 2603 152062755
1063 1124 539316546
1063 1760 398914478
2258 2799 907978439
2258 2390 795671691
1063 1348 523137891
1063 1622 929086336
2258 2281 61933068
1063 1859 759348049
1063 1126 595165483
2258 2567 47404866
1063 1896 757626062
1063 1799 420648342
1063 1466 1199585
1063 1835 273205236
1063 1588 61593913
1063 1471 508903140
1063 1394 98603307
1063 1429 399079647
1063 1076 859310987
1063 1198 44358484
2258 2716 333730299
1063 1070 213432896
1063 1854 2531379
1063 1736 292805765
1063 1146 599903052
1063 1398 312082289
1063 1354 871314129
1063 1408 966384742
2258 2746 852944403
2258 3024 185257907
1063 1493 184818045
2258 2560 405788437
1063 1950 672828605
1063 1893 728853376
1063 1696 856416923
1063 1875 43877211
1063 1785 338819841
1063 1768 223000875
1063 1393 383725458
2258 2825 531995143
1063 1717 911888787
2258 2427 201865681
1063 1147 658486263
1063 1248 700487691
1063 1474 369335248
2258 2495 995871294
1063 1766 179713398
1063 1426 932257304
1063 1973 72607774
1063 1105 31693221
2258 2940 756261892
1063 1887 414222491
1063 1467 872940252
1063 1455 402234825
1063 1548 492064267
1063 1704 691531722
1063 1499 685314546
1063 1084 952818389
1063 1665 657831328
2258 2919 958361133
1063 1903 476107452
1063 1662 800388381
1063 1673 995804267
1063 1108 73000971
1063 1081 499732052
1063 1328 383252645
1063 1786 884787023
1063 1509 921601652
1063 1153 663000376
1063 1374 444803197
1063 1879 823652574
2258 2430 862853361
1063 1780 404452031
1063 1498 729939170
1063 1158 378875625
1063 1764 420423728
2258 2586 787278909
1063 1358 781606744
1063 1569 683657205
1063 1287 257953903
1063 1415 429871599
1063 1206 695579525
1063 1856 229447005
1063 1624 934123097
1063 1666 100566102
1063 1544 603714233
1063 1711 815595644
1063 1101 442617418
1063 1116 391448908
1063 1164 254600010
1063 1186 236988664
1063 1951 328312284
1063 1974 218309864
1063 1303 834134848
1063 1643 176915142
1063 1991 319964011
1063 1089 462423524
1063 1645 185379254
1063 1662 684244148
1063 1258 501237616
1063 1172 174872253
1063 1260 882870624
1063 1840 309986040
1063 1265 102327563
2258 2492 623184924
1063 1365 622166034
1063 1897 453069881
1063 1079 567569791
1063 1497 944661617
1063 1767 217879035
1063 1917 270180606
1063 1394 132227833
1063 1532 442627737
1063 1142 537787860
1063 1518 298117758
1063 1180 402909598
1063 1928 915526856
2258 2285 948383308
1063 1275 488270731
1063 1445 156147261
1063 1392 917311793
2258 2831 831365656
1063 1393 44446384
1063 1625 838701330
1063 1200 595009000
1063 1643 266433447
1063 1175 570167989
1063 1394 365748276
1063 1695 409618781
1063 1511 944210396
1063 1194 699518308
1063 1441 966635196
1063 1224 634984460
1063 1835 793899475
1063 1585 238682961
2258 2990 474993106
1063 1940 368807540
1063 1927 886574397
1063 1709 315795519
2258 2810 175343490
1063 1600 375509121
1063 1380 64785141
1063 1811 92461466
1063 1814 705178690
1063 1303 663421255
2258 2293 136192912
1063 1076 100526943
1063 1320 14507784
2258 3042 621992731
2258 2260 902693474
1063 1938 258352729
1063 1259 522130812
1063 1942 362724405
1063 1088 80537042
1063 1603 665816953
1063 1138 317656601
2258 2805 634106461
1063 1619 960572934
1063 1228 639812513
1063 1479 358375648
1063 1408 617431467
1063 1966 883101206
1063 1929 243241675
1063 1724 454690701
2258 2372 919004015
1063 1586 818085203
1063 1560 1317399
1063 1718 804732442
2258 2546 888262985
2258 3120 320114980
1063 1577 879704021
2258 3024 8829774
1063 1933 347915939
2258 2466 896576077
1063 1879 814788308
2258 2543 253236761
1063 1212 732593118
1063 1371 708876509
2258 2581 252510834
1063 1429 940803042
1063 1232 774468510
1063 1631 373217575
1063 1396 532017392
1063 1540 790851966
1063 1226 848863206
1063 1933 352306481
1063 1230 211291424
1063 1936 675608744
1063 1296 269473214
1063 1801 298374769
1063 1972 288580925
1063 1766 836529111
2258 3015 35167952
1063 1616 227920065
1063 1449 458110094
1063 1083 577778718
1063 1363 163045727
1063 1809 997129518
1063 1118 20799258
1063 1412 913701295
1063 1414 999234780
1063 1905 666995844
1063 1749 6264466
1063 1803 307476776
1063 1732 577906567
1063 1646 777664804
1063 1300 143161620
1063 1407 337671095
1063 1952 796575317
1063 1382 301022655
1063 1949 941338899
2258 2700 213550589
1063 1979 278913663
1063 1838 644931828
1063 1979 225113255
1063 1588 626918375
1063 1740 688739025
2258 2458 619232382
1063 1416 396323087
1063 1947 876464548
1063 1504 999705234
1063 1775 393795026
1063 1531 519495743
1063 1422 553436720
1063 1779 60524883
1063 1106 656632079
1063 1622 928360992
2258 2693 759945185
2258 3040 636094336
1063 1071 702805508
1063 1170 25364294
1063 1208 60374867
1063 1339 56324755
1063 1443 245607462
1063 1707 245102095
1063 1804 301150019
1063 1173 301069156
2258 2913 620547027
1063 1856 378133706
1063 1349 996499435
1063 1907 199287149
1063 1455 581677412
1063 1910 37914849
1063 1562 889631659
1063 1274 443981066
1063 1403 831179754
1063 1527 655922383
1063 1990 158104056
1063 1314 985212539
1063 1237 473444020
1063 1551 61693326
1063 1116 311738139
1063 1418 837529820
1063 1273 357114001
1063 1163 486243183
1063 1861 276898993
2258 3060 115618663
1063 1492 411734109
2258 2803 639088757
1063 1968 737832620
1063 1180 181239363
1063 1508 820745086
1063 1536 453178208
1063 1775 322977791
1063 1231 974837156
1063 1193 114069836
1063 1374 136171750
1063 1167 344142833
1063 1724 60619354
1063 1420 503205360
1063 1149 63959731
1063 1225 591839763
2258 3010 855786067
1063 1823 382837865
1063 1863 47158991
1063 1817 198258202
2258 2476 895031347
1063 1685 792762622
1063 1444 822796074
1063 1903 474602777
1063 1863 22463991
1063 1194 571360753
1063 1239 824802532
1063 1879 587794698
1063 1918 344445959
1063 1468 110960000
1063 1322 913300024
1063 1315 692575361
1063 1695 242226197
1063 1300 110081335
1063 1346 518103488
1063 1938 514720261
2258 2659 575487400
1063 1535 20877979
1063 1589 95564677
1063 1723 122044922
1063 1448 947172746
1063 1803 978336365
1063 1702 839832164
2258 2682 340382402
1063 1485 294899031
1063 1748 733017384
1063 1372 657737074
1063 1119 88981441
1063 1860 190600529
2258 3113 798739692
2258 2921 304042489
1063 1733 235931265
1063 1501 761124395
1063 1808 740271318
2258 2742 234748932
1063 1416 586131220
2258 3121 740142502
1063 1111 439989755
1063 1316 531685899
2258 3029 547079047
2258 3027 195838049
1063 1192 894725202
1063 1148 483913195
1063 1100 656291846
2258 2700 202223555
1063 1621 675463
1063 1391 336787802
1063 1284 590753512
2258 3138 967783264
2258 2992 537529745
1063 1379 235339850
1063 1452 12643609
1063 1393 231882625
2258 2705 330181586
1063 1180 257204028
1063 1100 619671639
1063 1378 77865703
1063 1863 277966228
1063 1918 453730462
1063 1346 321947387
1063 1339 910358325
1063 1647 862506547
1063 1505 804823705
1063 1078 698061400
1063 1938 483450184
1063 1516 26818776
1063 1856 905845405
1063 1474 805495774
1063 1818 689556812
2258 2480 924837200
2258 2802 727576595
1063 1194 135595911
1063 1119 393337567
2258 2712 732124797
2258 2322 834226210
1063 1270 275550460
2258 3143 461495752
1063 1637 28278957
1063 1875 371380493
1063 1365 799680960
2258 2617 774724195
1063 1666 387725198
1063 1248 622600467
1063 1626 65325266
1063 1100 234195468
1063 1226 672383504
1063 1926 368527750
1063 1429 68020335
2258 2842 711330650
1063 1462 986520901
1063 1905 53352018
2258 2917 40965651
1063 1445 600610042
1063 2003 98996348
1063 1912 520874686
1063 1459 884889575
1063 1491 956003403
1063 1805 462657886
1063 1571 33792162
1063 1543 239258192
1063 1836 964598239
1063 1759 274503943
2258 2272 373154467
1063 1809 543394267
1063 1433 80872408
1063 1546 607398431
1063 1461 73627616
1063 1363 764211323
1063 1516 551029207
1063 1802 489921944
1063 1335 429888495
1063 1976 17669900
1063 1335 569041905
1063 1884 205592267
1063 1463 574853366
1063 1204 546139611
2258 2895 984510529
1063 1142 162346812
1063 1822 956755537
1063 1145 695097857
1063 1944 737613335
1063 1556 118320554
1063 1711 34161389
1063 1457 98188609
1063 1527 655994272
1063 1509 179799777
2258 2919 267357000
1063 1725 770427881
1063 1818 962295398
1063 1936 370586100
1063 1633 443267427
1063 1232 11423926
1063 1231 707227539
1063 1262 15686904
1063 1887 716466362
1063 1263 809842623
1063 1565 683778125
1063 1440 108870754
1063 1757 485330788
1063 1746 673440784
1063 1438 59200568
1063 1425 762828829
1063 1451 633875689
2258 2269 909269850
1063 1814 896607906
1063 1439 56297951
1063 1963 952614610
1063 1546 107028250
1063 1435 842467393
2258 3147 789824161
1063 1697 727961676
1063 1085 532237899
1063 1936 299415495
1063 1599 331062709
1063 1524 27534589
1063 1974 374682545
1063 1576 430640299
1063 1148 407685784
1063 1195 596669104
1063 1517 75010679
1063 1196 669642090
1063 1587 559811090
1063 1545 339892607
1063 1316 657143368
1063 1483 328194264
1063 1427 197988437
2258 2715 965845566
1063 1388 711890366
1063 1187 695743520
2258 2896 145429223
1063 1885 846373219
1063 1640 111041129
1063 1757 670359786
1063 1944 594638696
1063 1975 937054119
1063 1276 445753764
1063 1707 781186934
2258 2333 155900945
2258 2890 596015345
1063 1841 616792550
1063 1873 691379795
1063 1375 520119486
1063 1377 86651056
1063 1484 564576068
2258 2455 976193983
1063 1841 744619851
1063 1439 565840702
1063 1071 269692802
2258 2837 509601110
1063 1538 583207947
1063 1403 301147067
1063 1651 722898005
1063 1920 70393036
1063 1325 404716857
2258 2865 18992376
1063 1277 360715451
2258 3087 18547631
2258 3042 993664575
1063 1845 461120515
1063 1868 778733999
1063 1470 284666779
1063 1457 429979137
1063 1827 234380356
1063 1122 418191356
1063 1705 692230064
1063 1638 389558169
2258 2589 836522102
1063 1277 387347059
2258 2471 108075245
1063 1248 457066003
1063 1319 544651059
1063 1535 560841066
1063 1574 847291773
1063 1299 564102238
1063 1387 438778912
2258 2736 996661450
1063 1889 860804314
1063 1657 567485681
1063 1231 855928929
1063 1214 767355783
1063 1682 256142164
1063 1630 897564055
1063 1324 176277135
1063 1672 712136276
1063 1551 178560911
1063 1450 320192935
2258 2300 461607066
1063 1799 11382984
1063 1453 843422439
1063 1203 687800849
1063 1652 512154762
2258 2852 702130552
1063 1760 481786327
2258 2375 757543448
1063 1576 290596299
1063 1890 80128195
1063 1330 886175945
1063 1715 376932273
2258 2604 124118298
1063 1951 508437474
1063 1537 286259658
1063 1989 678850775
1063 1757 420811900
1063 1487 920480197
1063 1081 95389222
1063 1921 535726052
1063 1368 103572580
1063 1900 905420237
1063 1452 589566270
2258 2471 944901299
1063 1136 567260651
1063 1372 382314568
1063 1286 887818902
1063 1744 371534147
2258 3142 31305865
1063 1604 733051149
1063 1548 918777377
1063 1445 499638107
1063 1628 8863493
1063 1205 385232435
1063 1336 616466053
1063 1994 423873144
1063 1548 782317371
1063 1339 360937482
1063 1543 672502549
1063 1919 950942921
1063 1367 971537920
1063 1604 64808179
1063 1839 275246283
1063 1264 631277428
2258 2424 233537660
1063 1815 484332367
2258 3022 491170268
1063 1504 732038013
1063 1734 640826415
1063 1162 171614863
1063 1879 860036506
1063 1644 551525259
1063 1793 880367024
1063 1612 469857778
1063 1385 559687219
1063 1478 291998745
1063 1123 854425196
1063 1629 642055877
2258 2436 832990760
1063 1546 833865071
2258 2808 711766495
1063 1781 838987000
1063 1088 31211814
2258 2914 687716140
1063 1955 735840711
1063 1761 141858854
1063 1293 503523121
1063 1280 365349414
1063 1263 977268645
1063 1401 366099993
1063 1708 65626164
1063 1310 695177599
1063 1571 725342697
1063 1194 251017550
1063 1892 34887118
1063 1947 167085868
1063 1363 805509347
1063 1415 701586674
1063 1276 823695678
1063 1271 792707894
1063 1391 534368964
1063 1445 948750779
1063 1268 440565612
1063 1216 834059065
1063 1455 374381029
1063 1790 980189737
2258 2777 250840188
1063 1665 196357030
623 2003 168384794
1063 1501 554953192
1063 1446 825869082
1063 1610 763854659
1063 1298 562335618
1063 1434 49258545
1063 1691 984732852
1063 1875 48364242
1063 1702 374641763
1063 1649 214729305
1063 1167 455410668
1063 1318 445740495
1063 1290 290886609
1063 1908 749886075
1063 1903 958157789
1063 1158 479350563
1063 1997 79984684
1063 1725 790519406
1063 1262 514988367
1063 1227 113279297
1063 1152 76986015
1063 1962 232654671
1063 1832 581260386
1063 1726 714926039
1063 1873 361274225
2258 3001 989810538
2258 2982 378322573
1063 1941 26828114
1063 1368 176892368
1063 1963 151025101
1063 1070 261626599
1063 1938 374751766
1063 1658 905754711
1063 1467 680029219
1063 1950 33571786
1063 1510 768439259
1063 1279 752481217
1063 1828 138896848
2258 2307 868720993
1063 1223 615569274
1063 1422 23267576
1063 1112 572249758
1063 1432 726900331
1063 1289 926023566
1063 1152 581910011
1063 1623 708362674
1063 1964 118875287
2258 3065 480010058
1063 1379 983153826
1063 1115 787541589
1063 1853 893326772
1063 1637 828731261
1063 1456 89515184
1063 1367 5015142
1063 1086 116907671
2258 2553 21639126
1063 1527 330874071
2258 2647 399081845
1063 1152 59876732
1063 1968 871983224
1063 1704 260531606
2258 2384 808183176
1063 1873 137840687
1063 1452 513666998
1063 1420 373492046
1063 1124 519988117
1063 1109 590831036
2258 3108 597110655
1063 1392 585256801
1063 1637 888304725
1063 1495 253897867
2258 2516 765520831
1063 1122 518398210
1063 1760 122875695
1063 1763 323084191
1063 1083 544402002
1063 1787 744705847
1063 1544 546226601
1063 1313 103826977
1063 1648 9300588
1063 1721 728876113
1063 1730 715328093
1063 1335 48586110
1063 1488 647488299
1063 1513 308560752
1063 1994 894448030
1063 1078 287740971
1063 1785 845993089
1063 1992 182042387
1063 1865 828362732
1063 1704 120758109
1063 1548 557840632
2258 2825 835345455
1063 1933 820896893
1063 1323 977262924
2258 2313 185369757
1063 1894 909774158
1063 1324 173425929
1063 1906 746685738
1063 1427 495455256
1063 1313 508555930
2258 2907 34648402
1063 1091 49474891
2258 2338 311424102
1063 1983 147347236
1063 1491 250449838
1063 1735 433876136
1063 1369 404871030
1063 1497 830274555
1063 1738 235763075
2258 3050 449469378
1063 1216 949743586
1063 1289 973135524
1063 1084 426911082
1063 1137 787354475
1063 1769 932856885
1063 1513 351167395
1063 1114 639006965
2258 2478 496805444
2258 3005 279762655
2258 2351 223363403
1063 1977 780876299
1063 1355 55303076
1063 1562 595148246
1063 1217 641618855
1063 1897 873372210
1063 1120 589393053
1063 1348 191093176
1063 1328 602093035
1063 1517 545421357
1063 1319 863599446
1063 1125 384763098
1063 1526 167492588
1063 1559 477893420
1063 1265 559424712
1063 1637 728832183
1063 1215 135809034
2258 2780 741620008
1063 1940 193366285
1063 1115 691079626
1063 1465 864419220
1063 1362 531384150
2258 2792 785342895
1063 1319 378044950
1063 1146 962430755
1063 1780 163055048
2258 2271 736454676
1063 1408 306097449
1063 1307 156522085
1063 1820 397835583
2258 2280 850808397
1063 1759 457783722
1063 1572 707803434
1063 1463 945558896
1063 1321 117995752
1063 1676 798718931
1063 1067 806509473
1063 1462 139009463
2258 3067 2486547
1063 1443 925118779
1063 1532 370227055
1063 1992 252184070
1063 1187 771146144
1063 1578 455783009
1063 1091 767361625
1063 1466 140783225
1063 1783 245248011
1063 1507 472749746
1063 1180 927886198
1063 1239 366610175
1063 1155 457080259
1063 1807 751313266
1063 1179 602366878
1063 1937 722090858
1063 1358 942438238
1063 1617 209021398
1063 1379 687609083
1063 1552 872664177
1063 1147 224929695
1063 1922 417928306
1063 1748 604300279
2258 2845 125030533
1063 1339 960992079
1063 1122 79748377
1063 1673 47414922
1063 1962 335438182
1063 1142 37898326
1063 1393 694777674
1063 1307 797153342
1063 1378 441314712
1063 1154 116075660
1063 1205 548251833
2258 2503 741892262
1063 1967 723108527
1063 1612 644185724
2258 2733 873102350
1063 1692 847117174
1063 1950 547685750
2258 2364 980421492
1063 1610 20782072
2258 2882 907192597
1063 1686 801490875
1063 1911 519799500
1063 1894 976346329
1063 1686 34288146
1063 1428 659691112
1063 1876 690813491
1063 1190 281275519
1063 1742 691366411
1063 1752 305197492
1063 1613 193241852
1063 1997 895325328
1063 1942 447726584
1063 1384 552123096
1063 1274 345723388
1063 1343 684459837
1063 1588 150710281
1063 1562 123814524
1063 1515 614655888
1063 1521 667594651
1063 1543 785160363
1063 1610 34542251
1063 1759 889343291
1063 1135 60867139
1063 1329 659550006
1063 1141 751258689
1063 1426 730961795
1063 1708 27813319
1063 1805 229877267
1063 1869 871906993
1063 1808 542861100
1063 1455 825260635
1063 1254 158877988
1063 1290 216800341
1063 1459 607127701
1063 1117 488937700
2258 2985 192229582
1063 1590 77993837
1063 1740 11065353
2258 2586 963907769
1063 1488 506747418
1063 1105 548534619
1063 1199 91045129
1063 1825 404932341
2258 3103 661260371
1063 1372 832630351
2258 2504 704352747
1063 1385 81271148
2258 2727 98569970
1063 1453 262818264
1063 1811 488163799
1063 1579 896993146
1063 1439 671868775
1063 1973 742495788
2258 2272 750704324
1063 1448 38282541
1063 1505 144454045
1063 1766 283712224
1063 1410 411648197
1063 1334 586978401
1063 1067 983406489
1063 1161 29106139
1063 1831 712060323
1063 1502 716895478
1063 1104 637429420
1063 1680 881648417
2258 2514 477999366
2258 2832 108940605
2258 3095 767992559
1063 1373 946928635
2258 2722 383938276
1063 1883 103482687
1063 1867 435713084
1063 1284 154524004
1063 1819 738386081
1063 1410 694100050
1063 1483 707890528
1063 1294 877642643
1063 1902 428585382
1063 1877 392028060
2258 2545 13808423
1063 1640 694070482
1063 1382 152599995
1063 1232 441162960
1063 1578 607221885
1063 1408 413745519
1063 1535 543071325
1063 1512 342597235
1063 1254 744168024
1063 1390 609204720
1063 1334 806619251
1063 1823 581961104
2258 2941 612551410
1063 1080 87709058
1063 1170 553377397
1063 1634 64663668
1063 1649 466343509
1063 1566 375738062
1063 1115 185102497
1063 1644 407080968
1063 1704 746323201
2258 2765 174371352
1063 1767 962744516
1063 1619 576918607
1063 1447 390104645
1063 1955 644564733
1063 1140 508324602
1063 1066 403521395
2258 2939 701919176
1063 1738 694516196
1063 1936 275155277
2258 2608 495934524
1063 1330 797009450
2258 2827 760777416
1063 1312 245328108
1063 1203 818339509
1063 1813 410826137
1063 1913 700445406
1063 1255 487953326
1063 1420 734117747
1063 1683 405775610
1063 1454 420373191
1063 1659 238315788
1063 1962 21370926
2258 2415 577456517
1063 1789 859958255
1063 1677 129822029
1063 1567 332576371
1063 1403 702882164
1063 1487 472180159
1063 1852 605331193
1063 1640 831086288
1063 1133 773124339
1063 1735 363075996
1063 1233 631769499
1063 1875 748973055
1063 1852 556332466
1063 1210 338801369
1063 1224 544305023
1063 1864 735248604
1063 1110 594411353
1063 1947 643636430
1063 1792 908100469
2258 2696 433365046
1063 1661 113286359
1063 1512 961244479
1063 1976 869823393
2258 3149 41098518
1063 1704 168433423
1063 1753 901460231
1063 1598 594352209
1063 1964 376889220
1063 1607 549082922
1063 1770 765195173
1063 1179 725327258
2258 3053 810626201
1063 1499 823948242
1063 1615 96179842
1063 1838 705499716
1063 1899 16966511
1063 1530 458409612
1063 1413 457710942
1063 1672 628424401
1063 1655 749699124
1063 1502 124368403
2258 2603 752946639
1063 1454 926918130
1063 1770 491246930
1063 1356 431368088
1063 1079 57020490
1063 1813 51505096
1063 1808 240228643
1063 1186 741707386
1063 1482 933754846
1063 1594 617552085
1063 1108 540721665
1063 1570 739263872
2258 2837 344300659
2258 2387 770479167
1063 1727 801181950
1063 1752 745486519
1063 1711 891454266
1063 1240 553695076
1063 1809 431404562
1063 1491 932583777
2258 2270 489435386
1063 1807 696610613
1063 1326 266668217
1063 1466 765136873
1063 1840 606251343
1063 1179 8062072
2258 2967 131997330
1063 1685 110533618
1063 1456 985897812
1063 1086 420214015
1063 1874 38781215
2258 2905 151240435
1063 1720 717800529
2258 2583 897407806
1063 1926 567637958
1063 1585 841714287
1063 1450 390664766
1063 1480 740695072
1063 1348 322757610
2258 2487 567623629
1063 1938 871777186
1063 1519 225496439
1063 1703 246998878
1063 1833 622792673
1063 1738 42359224
1063 1379 776658165
1063 1580 977275580
1063 1568 979094740
1063 1417 836696696
1063 1094 268291327
1063 1804 655570767
2258 3152 686272486
1063 1771 594784259
1063 1589 958287499
1063 1467 585051926
1063 1217 407761188
1063 1868 634599341
1063 1320 403335733
2258 2954 168386015
1063 1912 69050862
2258 3012 606261781
1063 1296 907991853
2258 2321 101114109
1063 1948 148527927
1063 1410 370113288
2258 2761 512704753
1063 1125 923394493
1063 1350 162412884
1063 1805 356526873
1063 1311 867800732
1063 1434 579767915
1063 1263 561940638
1063 1955 306931572
2258 2297 671028682
1063 1697 283041088
1063 1863 430289129
1063 1130 90626925
1063 1583 722561554
1063 1424 758208025
1063 1665 954969104
1063 1970 823527343
1063 1446 634001363
1063 1189 248929742
1063 1312 741107060
1063 1888 24065672
2258 2956 870603711
1063 1154 514061639
1063 1259 882662986
1063 1286 154082581
1063 1651 345051613
1063 1441 559021923
1063 1935 946494225
1063 1866 40338399
2258 2726 832696020
1063 1134 300555973
1063 1139 967474090
1063 1952 953282297
1063 1163 79738192
1063 1128 542941981
2258 3142 739113099
1063 1117 711293189
1063 1908 313078474
1063 1539 821750431
2258 2979 855696709
2258 2738 749196116
2258 2810 93156739
1063 1492 716743815
1063 1671 869009613
1063 1525 302879443
2258 2934 63265447
1063 1319 775237254
1063 1829 686857060
1063 1391 877629131
1063 1750 264318679
1063 1438 431149412
1063 1965 39839899
1063 1148 932914548
1063 1597 703150994
1063 1718 773035257
1063 1232 597996768
1063 1639 762475420
1063 1929 242988747
1063 1342 171435577
1063 1115 476284063
1063 1417 993766357
1063 1399 19485312
1063 1247 52622835
1063 1207 164754910
2258 3039 342423560
1063 1845 366926010
1063 1415 323641599
2258 2462 774601419
1063 1539 480540796
1063 1583 312037530
1063 1454 65619496
1063 1480 918606914
1063 1408 118394091
1063 1831 242358325
2258 2499 853940544
1063 1364 697966586
1063 1217 281235422
1063 1651 546232417
1063 1260 217272189
1063 1359 888025753
1063 1213 855749850
1063 1275 452106888
1063 1575 222441619
1063 1590 236932856
1063 1087 878878035
1063 1344 735194422
1063 1304 444335012
1063 1743 634648514
1063 1219 863165207
1063 1906 139062483
2258 2436 142904998
1063 1947 914313579
2258 2457 111867184
1063 1649 924406834
1063 1487 359687165
1063 1148 308070204
2258 2444 245028070
1063 1095 846180689
2258 3030 528526723
1063 1668 174153828
1063 1207 329482631
2258 2558 823837823
1063 1121 169534233
1063 1391 484156035
2258 2663 639210419
1063 1546 439802050
1063 1842 871427532
1063 1445 12021327
1063 1241 300802313
1063 1683 305513080
1063 1823 351859522
1063 1860 928322539
1063 1226 780926078
1063 1497 988884784
1063 1151 40243942
1063 1586 198107708
2258 2957 924185929
2258 2410 465911145
1063 1077 370497671
1063 1576 589495243
1063 1566 840883891
1063 1452 522475185
1063 1488 100777710
1063 1908 216992022
2258 2372 834990649
2258 2765 407938212
1063 1776 383756636
1063 1151 903206197
1063 1273 880543976
2258 2364 91092544
1063 1552 893853484
1063 1063 24767056
1063 1348 83795095
2258 2462 613865605
2258 2550 453304678
1063 1440 446116559
1063 1579 217798304
1063 1601 832652392
1063 1096 195294231
1063 1258 297845548
1063 1253 33389517
1063 1334 680876444
2258 2413 155650241
1063 1243 189842837
1063 1729 82159179
1063 1816 377166154
1063 1212 72169490
1063 1543 634429657
1063 1591 947663871
1063 1411 742643997
2258 2905 313685890
1063 1241 479045076
1063 1204 337465401
1063 1962 875090317
1063 1266 706966537
1063 1155 470148929
1063 1747 694394390
2258 3065 642439208
1063 1626 564690591
2258 2797 368318650
1063 1225 354663528
1063 1942 691712389
1063 1477 521889772
1063 1101 825762375
1063 1299 779689178
1063 1865 661851819
1063 1718 601407248
1063 1723 436899919
1063 1190 971654793
2258 3001 456399600
1063 1495 858840864
1063 1552 145415798
1063 1612 83764913
1063 1309 219675924
1063 1849 768350741
1063 1602 697271577
1063 1509 385479865
2258 3120 280441662
1063 1556 184874820
1063 1563 12096041
1063 1681 956485367
1063 1793 809246071
1063 1947 940894008
1063 1377 434307078
1063 1331 823847491
1063 1748 711972720
1063 1284 338300730
1063 1577 351924594
1063 1245 821050561
1063 1792 126861884
1063 1590 780371637
2258 2903 835082232
2258 2887 107965704
1063 1471 282838274
1063 1660 843897842
1063 1685 157242378
1063 1083 16829313
1063 1162 16072020
2258 2889 545301553
1063 1437 862259235
1063 1257 214489576
2258 2346 424287100
1063 1625 73678612
1063 1879 779971299
1063 1142 768199526
2258 2432 679618825
1063 1807 553192942
1063 1205 771251590
1063 1067 280544526
2258 2797 852391789
2258 2985 101935342
1063 1235 600033291
1063 1476 994088708
1063 1936 74821882
1063 1658 93311528
1063 1854 912637360
1063 1572 890743572
1063 1699 835975101
1063 1387 988097978
1063 1941 947473003
1063 1656 470789550
2258 2283 314026000
1063 1890 651283240
1063 1949 773453814
1063 1734 75462862
1063 1497 927097897
1063 1282 967331183
1063 1867 714065550
1063 1609 523570676
1063 1607 997567852
1063 1931 767812598
2258 3102 974375502
2258 2620 329509246
1063 1899 965694729
1063 1737 727710509
1063 1527 52568306
2258 3158 192249894
1063 1351 157411282
1063 1070 195525389
1063 1639 840293748
1063 1369 199073674
2258 2258 507253056
1063 1631 849512442
1063 1284 43060973
1063 1675 682984263
1063 1286 469177470
1063 1706 197366209
1063 1544 204733537
1063 1267 684004260
1063 1459 554562946
1063 1200 817331500
1063 1621 286896085
1063 1534 619813819
1063 1886 970230822
1063 1591 512020093
1063 1912 946006044
1063 1807 652723437
1063 1895 322058492
1063 1900 740263396
1063 1718 304763919
1063 1577 36651286
2258 2722 71629992
1063 1932 414195280
1063 1800 635620909
1063 1818 900565413
1063 1379 444235304
1063 1454 760424379
1063 1117 696933102
1063 1257 232400608
1063 1398 42713631
1063 1670 943091169
1063 1866 42214767
2258 2967 763368334
1063 1915 223689202
1063 1628 834046956
1063 1973 312584978
1063 1370 343217047
1063 1794 779755458
1063 1573 658859721
1063 1927 656636891
1063 1955 733422036
2258 2263 485863957
2258 3080 813084801
1063 1924 123149640
1063 1499 946322630
1063 1407 508556396
2258 2608 850318874
1063 1133 308270208
1063 1674 983711838
2258 3063 592181587
1063 1420 387503853
1063 1722 623733632
1063 1994 202040648
1063 1266 19512596
2258 2504 83699960
1063 1565 776447806
2258 2328 334760042
1063 1277 806753419
1063 1615 132225334
1063 1912 811842540
1063 1080 148381143
1063 1148 869481712
1063 1690 916490720
1063 1615 186368308
1063 1100 692598124
2258 2660 73603675
1063 1131 600866371
1063 1838 861696343
1063 1664 89307758
1063 1526 378399855
2258 2336 825381506
2258 2828 481128118
1063 1740 852829979
1063 1184 335070406
1063 1508 929674242
1063 1524 982147790
1063 1601 212459391
1063 1171 950799042
1063 1474 529912790
1063 1441 508584196
1063 1655 868534672
1063 1980 427834703
1063 1833 951139458
1063 1292 396155503
1063 1429 821112587
2258 3072 574819944
1063 1393 585906568
2258 2944 505746410
1063 1690 386597744
1063 1267 442592853
1063 1335 906167771
2258 2402 736825189
1063 1922 176707961
1063 1367 258490024
1063 1159 40880057
1063 1123 819595069
1063 1806 426673174
1063 1829 570297600
2258 2518 208145438
1063 1887 252185153
1063 1295 425121324
1063 1748 11785506
1063 1702 414357508
1063 1897 526917448
1063 1408 772715996
1063 1347 979150066
1063 1361 606863077
2258 2690 265248382
1063 1570 360366450
1063 1132 609622190
1063 1589 268436561
1063 1316 25622851
1063 1121 735843293
1063 1403 814341877
1063 1442 860290427
1063 1362 502240611
2258 2937 697087862
1063 1532 715392597
1063 1994 207290870
1063 1089 767521669
1063 1881 248160193
1063 1834 885446642
2258 2609 985005975
1063 1477 496062603
1063 1181 470411929
1063 1766 291362316
1063 1591 196206969
1063 1962 751639555
1063 1916 703681583
1063 1507 147038732
2258 2349 708816065
1063 1514 260902794
1063 1164 888755119
1063 1954 87423659
1063 1554 969482922
2258 2566 362915119
1063 1396 190400523
1063 1887 612177650
1063 1237 43506302
1063 1264 690059868
1063 1347 223820065
2258 2314 448676338
1063 1094 410661802
1063 1968 689777195
1063 1310 983820865
1063 1778 741661260
2258 2529 786724608
1063 1697 192566152
1063 1692 865546783
1063 1987 18737648
2258 2437 189722505
1063 1261 3384578
1063 1074 873023417
1063 1712 43586364
1063 1315 197193364
1063 1506 742081978
1063 1383 97798478
1063 1310 181080819
1063 1411 680728332
1063 1804 798301411
2258 2905 692207279
1063 1843 600494539
1063 1655 412025851
1063 1849 147447603
1063 1937 924049143
1063 1230 545943922
1063 1514 856756863
1063 1077 244350903
2258 2692 675571229
1063 1372 388899415
2258 2942 656493084
1063 1268 715297105
1063 1349 361502008
1063 1098 261786909
1063 1147 125746717
1063 1688 54361335
1063 1591 588864387
1063 1299 780679942
1063 1661 547384841
2258 2975 808864874
2258 3066 986035611
2258 2450 157183145
1063 1355 11077043
1063 1414 692413323
1063 1067 556260529
1063 1151 280529493
1063 1083 477403626
1063 2000 77713632
1063 1558 385665936
1063 1751 963741890
1063 1485 513911191
1063 1739 925475727
2258 2582 268064099
1063 1423 392081056
1063 1667 827654724
1063 1673 944072004
1063 1831 28127216
1063 1644 790011939
1063 1680 192981987
2258 3158 24677397
1063 1628 537347693
1063 1077 46377112
1063 1124 183014794
1063 1472 553014060
1063 1855 470123283
1063 1134 946836122
2258 2525 245750918
1063 1948 177988176
1063 1660 559627343
1063 1290 124864253
2258 2288 368525798
1063 1095 291994600
1063 1628 702962371
1063 1833 354500148
1063 1387 146671841
2258 2321 280357206
2258 2804 465880132
1063 1346 89110156
1063 1079 982595714
1063 1720 244406365
1063 1446 875508189
1063 1984 538368777
1063 1801 862080579
1063 1505 52474525
1063 1423 91987777
1063 1849 245455421
1063 1983 740932230
1063 1976 230076274
1063 1499 398388984
1063 1965 85269573
1063 1325 232724676
1063 1682 828191401
1063 1195 756552388
1063 1402 899721883
1063 1765 424780080
1063 1068 402088194
1063 1652 729485018
1063 1178 206857242
1063 1167 172322599
1063 1665 331036674
1063 1551 811024045
1063 1771 165048950
2258 3112 563466417
1063 1975 99120896
1063 1065 566146506
2258 3012 718391223
1063 1112 600015357
1063 1073 140289553
1063 1943 75753695
1063 1425 809052469
2258 2354 971338746
1063 1559 317031617
1063 1439 298626624
1063 1228 85333018
1063 1100 904587217
1063 1794 956646683
1063 1299 355307106
1063 1200 301859620
1063 1078 129064811
1063 1517 880996276
1063 1790 512787285
1063 1286 416619963
1063 1628 901918874
1063 1868 402226906
1063 1582 535347954
2258 2380 640239223
1063 1986 114694131
2258 2463 206837511
2258 2374 709135967
2258 3092 918348361
1063 1377 189638367
2258 2579 216983149
1063 1429 564070148
2258 2663 384795531
1063 1355 238647084
1063 1279 878488292
2258 2866 610049209
1063 1246 141993124
1063 1433 32646936
1063 1368 414624203
1063 1115 685723721
1063 1087 826076845
1063 1346 764134020
1063 1633 31634869
1063 1928 973419763
2258 2704 672072391
1063 1366 256975753
1063 1880 928169040
1063 1511 383120881
2258 2660 305497862
1063 1445 255093366
1063 1063 15553709
1063 1511 437236666
1063 1786 473603685
1063 1553 957959044
1063 1948 519741788
1063 1078 252644620
1063 1993 562710022
2258 2517 421973528
1063 1532 366707804
2258 2527 595168113
1063 1248 51028765
1063 1284 423827802
1063 1987 438725185
1063 1391 910883203
2258 3095 20490057
2258 2985 970840858
1063 1630 711000362
1063 1891 522513559
1063 1093 980163901
1063 1462 652444891
1063 1245 182438960
1063 1212 803902941
1063 1959 151329190
2258 2264 166781321
1063 1469 804655382
2258 2475 819494277
1063 1764 367804563
1063 1397 969991235
1063 1430 950247666
1063 1138 352595099
1063 1105 817494749
1063 1155 734774476
1063 1606 718283774
1063 1421 112842011
1063 1448 785675262
1063 1757 211817093
2258 2750 853891951
2258 2886 818380770
1063 1326 714675643
1063 1639 47019497
2258 2809 383284274
1063 1611 102543071
1063 1722 602939361
2258 2638 1915722
2258 2350 886064423
1063 1954 314195986
1063 1629 871184030
1063 1906 250666942
1063 1974 591647770
1063 1695 5749860
2258 2833 259097251
1063 1587 26887869
1063 1319 6571687
1063 1753 992052993
1063 1478 518530295
1063 1383 953725563
1063 1206 787125724
1063 1705 824994599
1063 1072 74135942
1063 1314 610663934
1063 1492 842671428
1063 1643 730791180
1063 1495 168583484
1063 1479 704481781
1063 1606 929330596
1063 1431 559575407
1063 1186 606426502
1063 1282 123491033
2258 2674 59293031
1063 1642 892550206
1063 1810 209177167
1063 1915 980039043
1063 1913 848754742
1063 1254 51343722
1063 1154 978482294
1063 1656 119868147
2258 2958 369106889
1063 1458 534029551
1063 1851 784800864
2258 2495 622167873
1063 1795 654076557
1063 1276 715327034
1063 1803 316611907
1063 1652 993224125
1063 1232 14238846
1063 1749 666015325
1063 1838 238332485
1063 2001 588977716
1063 1180 907972811
2258 2886 40758200
1063 1070 651451628
1063 1712 479041989
1063 1861 190960411
1063 1143 474562232
1063 1871 483746328
1063 1143 415441413
1063 1538 112685092
1063 1215 58209936
2258 2857 346360290
1063 1184 38858390
2258 2455 666909921
1063 1978 624547267
2258 2548 200776666
1063 1179 846127989
1063 1610 191684637
2258 2502 214225315
1063 1213 407268500
1063 1514 517117317
1063 1502 425928070
1063 1577 769733705
1063 1733 60605206
1063 1150 769030667
1063 1599 550585997
1063 1131 540795304
1063 1423 441356571
2258 2754 764887750
1063 1370 999012618
1063 1684 581185387
1063 1880 105684292
1063 1326 685500926
1063 1994 904703204
1063 1693 513009073
1063 1850 840362985
1063 1614 849629809
1063 1523 915346281
1063 1077 900476262
2258 2709 314948919
1063 1877 709686493
1063 1251 671358273
1063 1093 578054596
2258 2457 263993283
1063 1125 10821006
2258 2440 736213416
1063 1921 352934968
1063 1318 928115757
1063 1670 962403131
1063 1101 674883808
1063 1693 396953939
1063 1174 902078626
1063 1754 614584758
1063 1973 127478166
1063 1208 627462311
2258 3001 65632670
1063 1621 525219384
1063 1438 466455098
1063 1851 868044240
1063 1109 604546544
1063 1161 63724296
1063 1392 593360425
1063 1832 833280234
1063 1900 389952463
1063 1177 444849691
1063 1835 154922213
2258 2453 130738839
1063 1695 202461952
1063 1913 366786303
1063 1088 137697229
2258 2359 944571524
1063 1757 755525823
1063 1607 350787494
1063 1361 476533392
2258 2897 182667021
1063 1142 606556896
1063 1104 290880772
1063 1453 208222395
1063 1317 248994477
1063 1080 579778732
1063 1277 683389436
2258 2622 545191806
1063 1403 941590539
1063 1384 168083610
1063 1729 551293880
1063 1629 220610430
1063 1831 467275323
1063 1988 900154772
1063 1610 487594112
2258 2626 572724722
1063 1333 566195417
1063 1177 255002259
2258 2486 494290528
1063 1370 141979654
2258 2824 575988746
1063 1881 680670007

