4149 4926
635 865 665831008
635 1323 330022038
635 893 251404773
635 658 365630087
635 856 306303139
635 1303 697261584
635 1287 520692845
635 1268 210844145
635 753 242075378
1836 2004 765999943
1836 2257 193105457
635 1046 144748107
635 1271 33579031
635 1111 873671197
1836 1986 870506960
635 854 577948934
635 1274 19533459
635 1159 988664926
1836 2335 520663053
635 1136 329983594
635 1005 46925153
635 1315 563604176
635 1128 240719061
635 925 669714314
635 1114 547520936
635 1198 615532948
635 826 433796091
635 1124 812510804
635 784 876660927
635 888 985962427
635 743 139161142
635 1314 64706236
1836 2121 118180779
635 919 537612760
635 794 30672244
635 1270 699782802
635 1322 366250279
635 1309 453221077
635 1240 141621250
635 1319 120553817
635 685 817986196
1836 2341 427276599
635 1040 34844055
635 1268 671649568
635 640 741352133
635 822 87238997
635 1325 489011069
635 1254 627392943
635 1038 897374246
635 836 918314150
635 642 386644275
635 861 306899719
635 1325 322001555
635 923 835834718
635 970 229619024
635 1074 124515700
635 1131 268644567
635 1098 703979025
635 1152 850357287
635 636 135265171
635 755 217564634
635 778 279372160
635 1204 466867112
635 1068 116663737
635 714 791036421
635 1229 817723302
635 1130 105570904
635 735 780120618
635 838 223406412
635 804 79229309
635 895 137434922
635 1306 47812238
635 703 807880043
635 1231 492483813
635 1059 531462554
635 860 305713019
1836 1840 61575210
635 1265 54970641
635 1017 948555870
635 1143 459121202
635 703 124426283
635 1209 988964474
635 1037 95059901
635 1296 278337292
635 896 834725728
635 680 75630036
635 691 179310801
635 1065 919130397
635 1070 779412572
635 679 238536359
635 1187 944156008
635 655 415196987
635 795 702530716
635 962 888027782
635 1152 751782680
635 996 401044609
635 925 406548316
635 1285 972034383
635 1295 161303247
635 914 730852380
635 1110 558512292
635 651 423233795
635 1104 124088224
635 655 116500963
635 1221 40014185
635 1022 615657157
635 1221 851339338
635 1190 592801941
635 884 571110620
635 1291 105997418
635 750 717892848
635 651 919448604
635 1217 748256066
635 827 86549191
635 1281 804279507
635 959 533019320
635 979 976948224
635 1111 254295312
635 824 624327283
635 1347 212520473
635 1033 744200619
635 675 248855528
635 1079 399119497
635 657 657338916
635 1181 681632802
635 945 283412205
635 1160 751536830
635 645 590073867
635 1040 464398811
635 899 471986367
635 925 207872541
635 1068 404726199
635 1032 88250931
1836 2294 509416458
635 1318 32839551
635 641 348279849
635 1101 691956422
635 946 180539254
635 1282 357675184
635 1075 564379916
635 689 855440946
635 809 592923448
635 1180 991691273
635 819 884477550
635 746 127303361
635 1015 468074869
635 1190 232298803
635 899 479172929
635 1158 91969674
635 1348 272284497
635 686 976032039
635 1104 358327587
635 1135 881320450
635 1126 83734593
635 938 587469379
635 1025 48157103
635 764 833897023
635 979 321201860
635 899 572669554
635 1196 189433523
635 793 791921312
635 932 131958992
635 646 350511660
635 990 327254123
635 1108 726160808
635 1151 572570853
635 774 254953212
635 662 720201337
635 923 836901215
635 1056 901188133
635 651 376702220
635 1270 513926733
635 1033 426490283
635 1282 558955299
635 1199 573368770
635 927 522763689
635 1018 679335442
635 1225 330046645
635 764 887426112
635 933 323215781
635 1014 554468293
635 808 307209389
635 1258 673138622
635 702 797119069
635 910 805639240
635 1105 476989673
635 687 430701998
635 789 959821348
635 1064 744484536
635 1256 989454703
635 1161 675377410
635 660 867447811
635 1311 694379375
635 836 829983357
635 1304 779896109
635 1164 303727996
635 1020 356365360
635 763 588205645
635 1287 57441417
635 750 568900674
635 1256 756563481
635 912 254649750
635 1112 366598292
635 1095 771375774
635 875 98492049
635 726 811254831
635 999 518473097
635 1157 314198404
635 779 57376802
635 1318 98569065
635 679 689375046
635 1090 5986587
635 1304 641790584
635 1316 628873960
635 702 570665610
635 1002 949194098
635 694 278837924
635 1128 351605160
635 1182 26659622
635 1292 356067254
635 1300 754975445
635 1112 148211103
635 1216 889614330
635 972 385724476
635 888 936840492
635 1288 572189223
635 1043 82383350
635 922 973734546
635 1010 57407182
635 783 217324609
635 865 613117995
1836 2332 64059592
635 717 61751958
635 1046 875991832
635 663 529155461
635 736 301243134
635 638 110830150
635 743 552402327
635 690 324452203
635 704 426266019
635 782 422363674
635 1327 899072702
635 1073 483396857
635 761 880422017
635 994 756374054
635 1023 935535191
635 890 828438236
635 1224 350654317
635 1052 775673720
635 1031 981968176
635 983 197221259
635 834 288876084
635 880 683234618
635 749 963392260
635 919 93993225
635 829 972484727
635 1309 284828871
635 772 613853665
635 1266 937087564
635 797 721821148
635 1236 369738183
635 932 521330606
635 1189 220134373
635 856 987790114
635 1325 469873122
635 1312 97800318
635 899 912985597
635 834 631773038
1836 2132 317431082
635 996 999769308
635 1276 406316684
635 1048 776200133
635 866 753649928
635 1046 271335678
635 768 530549022
635 948 659027947
635 1086 423544259
635 729 178450483
635 847 483982750
635 1019 243008304
635 970 229241897
1836 2271 665359173
635 1093 95716682
635 730 132528060
635 679 316713103
635 948 694720289
635 1164 524625317
635 827 801532866
635 1180 764687396
635 1303 31205927
635 710 679043777
635 820 355612115
635 727 684317340
635 1283 327164405
635 1295 559830329
635 898 563555585
635 646 93365997
635 1323 82971346
635 1191 999588799
635 830 607017446
635 821 297348983
635 1162 840661776
635 923 72210248
635 1253 313553482
635 1003 689556619
635 1076 201688751
635 1323 736831259
635 713 889370537
635 1144 555798507
635 648 566953196
635 1292 475447308
635 1092 236839131
635 1085 295625493
635 1319 138577045
635 840 643691082
635 1084 27421846
635 1258 760134253
635 710 664428516
635 1170 397516092
635 860 345133875
635 844 78636562
635 1006 457887573
635 1240 369952327
635 1039 284350951
635 795 187555546
635 705 878338173
635 1299 999222540
635 1032 699924818
635 1188 844293775
635 1098 151563849
635 696 624196672
635 695 790533018
635 896 29517390
635 982 702371702
635 664 438933535
635 855 924157802
635 1344 319421853
635 930 892913806
635 1246 440938663
635 805 485885833
635 1197 756563413
635 675 868867600
635 967 454731531
635 1010 758423579
635 703 452977498
635 1007 349284097
635 1316 19867422
635 1111 265573810
635 727 401672377
635 1062 711938759
1836 1987 259505421
635 1259 143898495
635 815 875676858
635 710 909532990
635 994 335454688
635 978 681220311
635 977 777416991
635 1223 566072480
635 1309 3026805
635 890 62034340
635 953 498354951
1836 2198 758904360
635 1195 357409833
635 791 573550189
635 1230 259585755
635 708 12194514
635 740 823544251
635 1234 292867454
635 1047 586546982
635 1077 882398141
635 963 163394236
635 940 783575044
1836 2153 302230088
635 1151 209213431
635 990 918149048
635 1308 193255227
635 910 438968302
635 1098 329664443
635 905 7817688
635 1302 381085612
635 1078 985423108
635 848 540324383
635 1108 559155289
635 784 784258572
635 1137 411875052
635 1152 480978029
635 988 903445974
635 836 513654832
635 1341 832938175
635 801 592976670
635 1089 858983275
635 1166 449037917
635 1078 125975813
635 1323 372581803
635 665 265503263
635 782 569483117
635 1021 74157018
635 807 835056280
635 1249 187611229
635 663 471531407
635 714 841637159
635 712 985352365
635 1166 526143806
635 1339 206755530
635 799 251650761
635 1095 663178421
635 998 971747008
635 915 220675055
635 1272 651919833
635 1280 590328262
635 1236 846067919
635 1173 602023512
635 1211 569283340
635 764 105778577
635 639 908481131
635 1130 136683107
635 1308 25707310
635 1019 580879064
635 1196 48467811
635 1071 932294346
635 1024 58128799
635 842 378168173
635 685 775138173
635 864 795304323
635 1058 78616162
635 1038 559836753
635 1245 764259170
635 1031 887616510
635 805 962071061
635 1229 103444475
635 971 619140602
635 895 135640320
635 1089 661716856
635 749 805017519
635 738 589002018
635 1333 235413054
635 832 176751360
635 1205 988201121
635 881 455316205
635 1110 847943985
1836 1981 854437684
635 749 245230220
1836 2236 826281646
635 800 918055896
635 875 517669789
635 640 498088549
635 1272 993621092
635 864 870883245
635 760 652824797
635 1125 998246265
635 1243 591762961
635 915 322962402
635 810 410558337
635 1287 784814788
635 921 184283701
635 1229 778099927
635 955 482871808
635 702 913256100
635 1092 515488458
635 819 603313479
635 1014 27797847
635 1006 702038565
635 957 456385375
635 924 325937847
635 1066 286135172
635 965 340888402
635 1248 938982861
635 1247 227990707
635 1215 337513308
635 948 597131208
635 1241 105724971
635 770 885411898
635 708 16619508
635 1022 663064542
635 875 849223820
635 704 792355435
635 798 856034638
635 758 476159426
635 1033 584104816
635 914 698417920
635 655 821472870
635 862 525072623
635 1348 668432873
635 1056 240256743
635 649 916937103
635 744 400656782
635 1097 507669794
635 1001 680437501
635 893 331996756
635 769 644792752
635 1199 76701333
635 713 925636558
635 1114 989317266
635 911 742987042
635 1011 392741742
635 1137 615925398
635 1179 459342083
635 1149 75010208
635 910 234382090
635 1077 188220428
635 694 669908440
1836 1852 264920225
635 915 744440376
635 985 58290888
635 879 999227616
635 1180 210444454
635 917 570190894
1836 1956 352280622
635 877 186632590
635 902 151335793
635 1119 266820484
635 1311 680258327
635 1126 294365415
635 666 909312471
635 804 863107143
635 698 96601641
635 950 448281465
635 1258 40125896
635 804 902037805
635 856 479613861
635 1330 210934813
635 715 67073086
635 863 752910759
635 1133 725255273
635 872 406012290
635 1311 417837299
635 1030 24679207
635 1011 778105645
635 750 642909272
635 956 988546184
635 751 69648268
635 809 523117180
635 865 916992350
635 684 902822138
635 1067 495834492
635 1336 75306409
635 699 752081424
635 875 269644268
635 1219 762450602
635 1238 73480517
635 1291 387928856
635 772 794573077
635 1159 441792090
635 675 54719789
635 867 245823653
635 675 453194242
635 1111 890337710
635 1315 626435234
635 1232 562307536
635 718 824149243
635 1014 566363375
635 1094 530048868
635 1249 192321252
635 755 113104055
635 1240 922074789
635 936 787922681
635 697 625803870
635 1223 255170397
635 760 274971506
635 992 268087713
635 1107 837427945
635 984 234217547
635 778 428594313
635 1282 343396023
635 941 419223311
635 1301 990984242
635 912 195556731
635 1046 485240396
635 740 291720439
635 648 792699335
1836 1874 318066296
635 1168 314673711
635 1211 319603048
635 1084 55911054
1836 2234 136635329
635 963 897883165
635 662 395733491
635 772 767232419
635 912 440791109
635 712 145710228
635 1329 42433623
635 1181 63923271
635 1005 163652735
635 1295 731609604
635 1265 403354976
635 670 141480009
635 1174 25830717
635 1136 306903954
635 1092 820437057
635 990 198643007
635 1293 734798045
635 942 697217314
635 1347 757498514
635 979 113978660
635 793 654265672
635 734 520209244
635 1175 808784607
1836 2359 57791501
635 1006 193490594
635 1091 822924242
635 1168 839121289
635 1188 571956864
635 986 506657488
635 952 880238509
635 661 909102121
635 734 162113753
635 928 929018230
635 767 737458321
635 1050 762530911
635 1030 427591358
1836 2178 960334064
635 773 154747350
635 1075 14374227
635 1169 685658306
635 1079 352139226
635 1130 137942322
635 1254 599979980
635 945 970861244
635 1321 93801204
635 1170 708276837
635 758 906522134
635 745 229654230
635 846 737598719
635 743 426415103
1836 1841 105332591
635 1051 171545544
635 952 151891116
635 1333 216132559
635 945 616011190
635 1238 23871588
635 1081 612925793
635 1016 651989654
635 1185 211867536
635 1200 569686032
635 1226 133435006
635 914 310848413
635 800 304290986
635 962 140367175
635 746 604068389
635 652 570662564
635 1259 161595011
635 1103 418912813
635 1210 704433239
635 1041 545125727
635 1280 537372153
635 997 872146729
635 818 559715879
635 1269 938616300
635 863 599210444
635 1213 649807583
635 1016 493047835
635 1065 634495937
635 860 43816025
635 799 880040565
635 777 378810689
635 1087 702928608
635 908 24717568
635 1126 198835343
1836 2250 53037375
635 1286 664993889
635 753 539344826
635 858 392257022
635 1218 122132506
635 1120 867749143
635 801 560461998
1836 2056 113059559
635 639 869008297
635 843 553543356
635 713 938063860
635 770 712515571
635 1243 796491122
635 765 318561971
635 660 838016381
635 766 715710061
635 1196 924725748
635 961 38105565
635 866 827573020
635 893 565085451
635 792 804194468
635 1295 473367266
635 736 569726553
635 878 115847987
635 669 531633255
635 1296 131939404
1836 2107 532175678
635 682 313205533
635 1213 396645732
635 876 537114518
635 1208 643109132
635 1291 568916688
635 820 878513539
635 1137 307988082
635 833 372629503
635 1229 345553744
635 1087 228599459
635 943 151200665
635 1233 537821105
635 935 696306068
635 1016 526947824
635 1275 66941510
635 1120 47117802
635 933 151970003
635 1208 34252633
635 923 158738855
635 879 49554844
635 1149 1222487
635 766 667004581
635 757 714053400
635 1070 956904630
635 981 203790186
635 1024 385905890
635 969 209095073
635 1186 764421459
635 1225 194443303
635 992 803479371
635 1273 824863687
635 776 330845315
635 1245 878523562
635 923 683427630
635 880 718739225
635 1305 694197031
635 1310 359955159
635 702 272944968
635 1085 368711895
635 1003 749473383
635 1210 543475119
635 862 613899076
635 866 177595978
635 1127 570366071
635 957 1494089
635 896 965097159
635 1219 48869339
635 854 513864854
635 1211 459295064
635 680 43319416
635 865 30507226
635 1025 506018973
635 1328 716922059
635 1339 550797815
635 658 265247793
635 807 30651058
635 1341 640056728
635 973 130063354
635 1000 32047499
635 690 674237789
635 860 891852373
635 1313 287932199
635 1110 842873782
635 1225 916295338
635 729 899201046
635 1301 910149067
635 976 438127832
635 1324 487111831
635 1131 248672417
635 1061 206379589
635 842 391814271
635 941 285477076
635 1066 742352788
635 776 549846699
635 801 96752703
635 889 418157647
635 681 760247868
635 994 227865901
635 1058 95925365
635 717 601614917
635 1031 903759352
635 1320 65629263
635 932 115658145
635 846 696204459
635 873 786693314
635 1062 291228360
635 1290 936379904
635 710 787048898
635 1188 173072321
635 999 26135779
635 710 255028154
635 1262 42535866
635 958 110970308
1836 2264 952807405
635 1140 800346623
635 1236 298830893
635 1196 754258026
635 654 128945788
635 643 555795768
635 832 78402514
635 1072 376095181
635 813 561318325
635 981 420215929
355 1357 833518334
635 1321 681079364
635 836 709096383
635 1294 991221410
635 761 912148143
635 890 150880070
635 1291 106076378
635 1180 445133380
635 747 829438813
635 1005 911682119
635 649 527931629
635 914 878310400
635 1340 904192134
635 653 682838010
635 669 796528482
635 1148 575787468
635 705 232356815
635 1164 145290685
635 982 447348796
635 939 140374232
635 1077 461422814
635 659 702258529
635 1228 526425027
635 1067 552047863
635 970 923651237
635 905 796661845
635 1057 23671127
635 1017 212894479
635 1201 667641765
635 857 457384158
635 906 462163827
635 1243 901169445
1836 2382 300189718
635 794 129494250
635 906 443197341
635 1333 709066173
635 1303 217008301
635 1215 254739978
635 723 198754395
635 1327 505054589
635 1322 154498792
635 1268 942010785
635 935 193335585
635 816 928645552
635 1078 653060672
635 695 50399677
635 1013 44812542
635 1010 962142753
635 935 658317615
635 765 194891559
635 781 609194313
635 1238 396297122
635 1199 804284088
635 758 962698369
635 1225 282948188
635 1083 636990735
635 658 570626669
635 790 437309748
635 1202 596417062
635 1143 13147794
635 943 702619253
1836 2359 535861077
635 1077 878573642
635 733 580149137
635 1006 895785235
635 771 114978369
635 976 531967157
635 943 275279421
635 720 859750612
635 937 877605690
635 1231 177556438
1836 2239 841442726
635 986 507023517
635 1070 9375315
635 1172 472430945
635 1338 418303915
635 1142 606889449
635 761 801778014
635 1342 875439122
635 1243 892639170
635 837 624790853
635 941 250452483
635 1340 702398322
635 926 216630149
635 1193 997624279
635 1252 391084416
635 1261 465936317
635 860 460345680
635 958 253070675
635 1256 517448123
635 1058 979151110
635 754 225719199
635 715 327779085
635 732 928077281
635 647 273248224
635 1137 7639822
635 1335 421979940
635 1172 303496044
635 1207 228086599
635 1022 948708065
635 713 15858218
635 1079 201317105
635 1321 909118954
635 644 854029093
635 1331 942764131
635 1166 268868977
635 1031 63527305
635 1187 11108145
635 868 670102422
635 761 931608742
635 1341 86154046
635 817 729586783
635 1043 419056456
635 764 442906398
635 908 341026159
1836 2064 877658096
635 750 310601487
635 1158 590371601
635 1118 155910251
635 882 911363943
635 827 682234260
635 1322 59418808
635 1268 127022968
635 751 794209714
635 861 137439788
635 732 984571506
635 1240 461593342
635 883 468139956
635 1282 332860787
635 1160 544285436
635 1306 992571424
635 866 943188774
635 1259 834867233
635 896 791051731
635 821 835907953
635 787 610596052
635 1072 426238307
635 649 568842243
635 858 651550980
635 922 526196704
635 672 872890711
635 1252 997615560
635 1098 710114218
635 831 459348639
635 675 503787653
635 1339 386134721
635 740 299596556
635 1127 452031040
635 1110 17232617
635 950 486270382
635 1102 105622886
635 908 303208762
635 1063 843887344
635 1115 886700263
635 1093 274711393
635 1345 177261743
635 710 510679094
635 1057 613874046
635 1042 456197421
635 1277 684467269
635 648 999788863
635 767 983858042
635 1127 126895193
1836 2118 335705665
635 767 548580301
635 1109 314123690
635 970 95377102
635 898 150809016
635 788 875548904
635 921 242820198
635 1243 127402437
635 1049 175736274
635 683 860183503
635 706 704716829
635 728 220710359
635 1119 861981190
635 960 862751343
635 891 202541804
635 1348 956136723
635 893 322496026
635 748 638277775
635 1248 800197355
635 725 814336049
635 706 904192512
635 671 146041749
635 811 996828045
635 656 577051245
635 989 390911408
635 773 685117932
635 1134 549361818
1836 2251 40465394
635 1010 454690294
635 657 408174037
635 756 266334521
635 1228 127010509
635 744 439908108
1836 2043 718691774
635 1184 124934737
635 834 64258553
1836 2268 969141032
635 954 544136788
635 894 660136253
635 1315 232153616
635 710 925078136
635 1342 906332057
635 1009 212494096
635 1076 246120450
635 1066 120551710
635 1032 126248693
635 983 717265815
635 1046 100322227
635 1216 268132591
635 879 537036153
635 771 808007397
635 775 875642578
635 695 269141986
635 1140 933178653
635 1320 148920877
635 696 66250785
635 1006 609003031
1836 1876 628171789
635 1294 957204088
635 711 726287498
635 929 660270649
635 1098 768263276
635 821 11290952
635 1181 257053000
635 655 531355578
635 1304 672564943
635 1116 844115430
635 794 546719460
635 997 484028046
635 696 428827853
635 803 364534796
635 840 49201974
635 750 883147134
635 982 128917780
635 844 909091431
635 1112 177260037
635 1168 453014391
635 1177 269732071
635 1028 350788597
635 1172 950776218
635 1286 115860841
635 985 30608370
635 874 470315782
635 1139 908850095
635 1164 313040677
635 706 115083979
635 1327 68495167
635 1190 809218777
635 857 878403248
635 647 361176271
635 663 279280691
635 1289 377405120
635 1039 875506110
635 998 156770821
635 784 549777531
635 1061 501601103
635 1096 37949910
635 1222 227530202
635 981 56495894
635 702 157114975
635 1329 662590041
635 1031 316916687
635 736 455391857
635 1227 708870297
635 1135 588447890
635 897 747814628
635 768 188039668
635 745 688268492
635 801 815463500
635 963 156829069
635 924 623731978
635 1001 886973935
635 734 730327175
635 748 538852467
635 693 170291155
635 1197 71506056
635 1066 132815219
635 797 868366641
635 894 329406298
635 660 955263300
635 844 63221138
635 1311 532761339
635 1122 548052332
1836 1864 618969884
635 819 422614134
635 702 171906830
635 712 351881405
635 1307 694945439
635 1096 932680050
635 1133 102136775
635 683 152355944
1836 2311 761950191
635 988 324034752
635 859 190261195
635 976 875978642
635 1093 381978367
635 1043 212388928
635 1119 775306865
635 1109 961554092
635 1134 937266047
1836 1916 701363408
635 829 92047573
635 696 918880441
635 743 255097460
635 1101 5810064
635 1183 60064833
1836 1922 216242369
635 794 361456306
635 1244 413753110
635 695 565819698
635 815 367459480
1836 2425 538895752
635 722 200453814
635 1081 194426120
635 1272 644841656
635 1317 992802273
635 685 692929141
635 1268 872122386
635 770 295958352
635 1219 865799000
635 791 609510340
1836 2077 671835542
635 708 323137917
635 795 138345669
635 1265 477528064
635 1167 151735264
635 1095 872723800
1836 2088 441995142
635 1075 420068438
635 1249 550401175
635 1188 650077922
635 679 962749301
635 1269 364855295
635 947 328301914
635 1321 191046735
635 693 14042025
635 773 874616885
635 751 529841658
635 1136 920818868
635 1284 242901710
635 1129 199669261
635 958 268371684
635 806 682060790
635 672 117672633
635 761 81067409
1836 2445 862962097
635 1193 78828903
635 1193 715414083
635 679 834686439
635 1031 767776972
635 1156 883189698
635 897 195198307
635 1297 962644031
635 1276 444577667
635 1163 612432885
635 951 859324671
635 647 695991096
635 990 542750013
635 1246 363431095
635 836 88702743
635 796 28931679
635 1323 424066869
635 1147 575781411
635 1174 256145239
635 1330 935327928
635 1081 550802792
635 1008 630467914
635 1237 57235618
635 648 37668755
635 1187 450016868
635 1234 437543729
635 1333 369906392
1836 2242 125655950
635 1056 631634993
635 954 877609432
635 1005 516000809
635 986 798635528
635 1338 229299407
635 1082 710292858
635 1276 252109554
635 1053 740745175
635 675 29086128
635 1299 814126053
635 1285 112968383
635 1146 209678900
635 956 940463545
635 1322 908841441
635 1205 705472474
635 1094 401006590
635 977 682101227
635 966 53227176
635 921 737056708
635 1337 741960498
635 799 338342534
635 1162 492791285
635 950 611582475
635 1342 889379067
635 953 637611796
635 803 98416401
635 942 786306517
635 1326 184835122
635 822 316676825
635 1336 174592617
635 1064 418481144
635 1206 880355736
635 1303 291229889
1836 1845 692183899
635 1172 999280545
635 1105 804912639
635 1240 450276659
1836 2014 86598208
635 691 146919697
635 971 944140349
635 663 881964201
635 835 188979758
635 638 514229221
635 1290 468569105
635 779 504184261
635 983 435324755
635 650 899362378
635 1093 502012120
635 1068 606634963
635 855 786618639
635 1182 313591572
635 1332 235075638
635 703 12979205
635 912 402775616
635 1037 57902299
635 1213 720987128
635 678 310818360
635 813 102504227
635 970 590667266
635 651 226793438
635 825 814260355
635 1178 23010402
635 658 974880055
635 767 399934945
635 918 173206147
635 853 529257368
635 754 313195405
635 744 928592538
635 877 872115050
635 1006 516466455
635 1250 843834017
635 888 80649552
635 1161 148608733
635 1075 884305285
635 657 375861408
635 1218 738339775
635 958 796154670
635 864 195872585
635 1051 152658160
635 861 745864877
635 1020 591005520
1836 2439 170546709
635 1297 685989272
635 1132 908159140
635 925 437900064
635 842 415671221
635 1151 878617546
635 1001 168628447
635 1122 628607280
635 763 144847124
635 847 975217405
635 1215 591118477
635 1206 92447864
635 984 199185659
635 982 712876923
635 1292 617848401
635 1014 58836289
635 649 253880269
635 657 414597243
635 691 397439782
635 1192 982469273
635 696 883381130
635 1186 593635138
635 1129 871000198
635 954 161792853
635 856 491016616
1836 2059 225427484
635 858 599467853
635 1260 789243253
635 1311 436000387
635 802 455147064
635 904 639035065
1836 2160 536658713
635 1172 662966593
635 1242 358746719
635 781 913834147
635 1251 29302067
635 1102 182000581
635 1158 942870601
635 1084 819449421
635 975 140307520
635 895 632138319
635 771 637442899
635 1262 251387772
635 862 667099562
635 787 777876585
635 908 707438173
635 1021 615643744
635 1256 896104980
635 1339 788575486
635 1228 37705682
635 669 844183277
635 962 139191123
635 1211 669783440
635 1058 768937149
635 1202 572805851
635 1044 335529065
635 860 117625581
635 917 908554744
635 1318 385648821
635 1010 607314856
635 637 927065573
635 1344 368453651
635 1164 660358603
635 996 830152938
635 838 515081898
635 1162 597448393
635 1033 334638302
1836 1990 119227640
635 1222 137792649
635 1327 968341597
635 818 262639009
635 909 628830373
635 1277 686824342
635 1206 718735038
635 689 73779725
635 843 467993578
635 1265 879017028
635 1194 146584217
1836 2252 433676165
635 1079 498540540
635 803 512066259
635 1015 395592890
635 856 260798896
635 1273 298537448
635 920 474787343
635 830 523793399
635 1294 883064265
635 1268 491090916
635 1194 285489988
635 1297 977743401
635 1015 225629090
635 1294 31081231
635 798 339365079
635 1042 949584838
635 1161 355696665
635 827 381647596
635 1016 816343725
635 1131 795444238
635 766 660364338
635 1242 178258975
635 1072 66004829
635 963 329691734
635 1123 856575428
1836 2267 578197321
635 843 690220850
635 865 237887980
635 763 213752446
635 970 845845976
635 966 345195923
635 1044 118151459
635 683 296385410
635 1232 685790687
635 903 753630741
635 1275 940402593
635 917 397289846
635 781 789973409
635 1164 550082087
635 1174 65090315
635 1334 912173676
635 1229 983013788
635 1073 530106186
635 857 234159177
635 1321 729678533
635 739 641427715
635 1135 676901220
635 732 7539445
635 1103 98222227
635 796 523888944
635 1073 132055960
635 701 276726574
635 1267 482213352
635 1105 717363247
635 896 335099668
635 781 521766657
635 1260 408060017
635 1080 884083442
635 1119 176120017
635 939 425030251
635 1329 570998068
635 692 964478806
635 737 586758096
635 758 931986214
635 756 955551971
635 725 377402045
635 988 905303346
635 1305 741131220
635 1029 935767196
635 989 838650729
635 757 531046426
635 892 827134325
1836 2393 291410127
635 711 876036596
635 1073 519053898
635 872 172797394
635 894 272305490
635 1090 788860945
635 691 350671988
635 1113 530597107
635 727 800496293
635 1242 321872019
635 1190 539747645
635 1348 512218883
635 1021 428114603
635 1272 578937636
635 991 970603022
635 699 141015040
635 1114 891668523
1836 2381 370312213
635 1184 477434246
635 1283 919838069
635 1273 449560581
635 1018 39141100
635 1149 359017289
635 887 444058652
635 865 788493920
635 759 155326855
635 681 5746601
635 1318 396420153
635 978 392796312
635 1241 484371895
635 846 596210499
635 743 873808156
635 1188 243905535
635 1105 317555067
635 1209 53909527
635 1239 703940989
635 1146 832657580
635 1081 296646470
635 761 757741634
635 930 132634135
635 1105 646754490
635 683 519819100
635 1184 657036906
635 950 677813890
635 685 69240381
635 955 642563447
635 1282 604129984
635 863 939180225
635 1288 668387474
635 820 937987315
635 1061 954020406
635 1193 246170678
635 1135 657095746
635 1325 43121497
635 772 952948823
635 767 933907581
635 1288 621673353
635 927 157566342
635 1263 710809902
635 1302 953079447
1836 2201 473319459
635 891 752663054
635 1201 438536397
635 638 745086849
635 745 979814097
635 1191 128874028
635 870 418566575
635 1213 583318900
635 1053 786068130
635 738 442280378
635 771 274504851
635 848 381917074
635 861 940166337
635 861 339092858
635 980 695181223
635 834 630046858
635 1016 49461501
635 718 967197824
635 853 716993613
635 671 786749400
635 913 290134033
635 1307 194302013
635 951 944031703
635 1171 164335000
635 1143 64960423
635 1162 730911767
635 1025 571016513
635 1323 251332463
635 791 443633247
635 664 945009133
635 993 81996746
635 1278 894985823
635 1028 566280528
635 1218 976042058
635 663 378703080
635 1004 769329157
635 1222 602559448
635 1283 963310339
635 906 157960046
635 838 631429034
635 719 842339478
635 666 105332159
635 864 556725619
635 1024 24301126
635 686 944762426
635 696 946379197
635 823 124728433
635 666 463297882
635 1334 295810597
635 1052 298052774
635 1339 356422695
635 1348 696550813
635 818 621072663
635 775 858173131
635 958 419515275
635 909 732199471
635 832 840487022
635 820 683233001
635 1059 508058073
635 1175 260261188
635 745 438557582
635 725 517095768
1836 2448 352747445
635 658 647461902
635 1064 752595441
635 857 459102249
635 824 739627701
635 1148 439451873
635 871 596839002
635 929 256913862
635 699 438005121
635 732 852974334
635 1121 362462348
635 837 865298499
635 1333 954417316
635 1190 647144496
635 886 332546357
635 1057 145761170
635 1064 815198249
635 852 218600472
635 734 837146285
635 1268 519721516
635 647 634481226
635 985 411988528
635 706 712815546
635 1002 640437561
635 919 368337041
635 657 211246012
635 1185 305088251
635 734 221534135
635 1342 306590981
635 1233 965839864
635 954 882534772
635 951 509959237
635 1191 412416744
635 690 329251714
635 656 625095633
635 647 987652514
1836 1965 48956011
635 1094 25877262
635 646 107531419
635 1113 771198266
635 900 710031426
635 920 290907339
635 712 886717078
635 642 640898232
635 1040 920164514
635 858 906421722
635 651 335537157
635 1262 192839724
635 750 665473972
635 1200 71957430
635 1066 763320316
635 1222 639582845
635 1235 298604093
635 916 479637302
635 846 744488278
635 714 211146958
635 1266 325295088
635 925 776437159
635 988 78577891
635 810 984175406
635 1164 989038590
635 743 802971957
635 1261 338611929
635 1291 830700886
635 775 675613088
1836 2478 681690064
635 681 652718453
635 883 620513877
1836 2237 165033432
635 1171 240965855
635 745 174346358
635 1238 321488272
635 666 480949069
635 1163 819485308
635 889 764480503
635 977 67431452
635 656 726298304
635 885 465048444
635 768 539663648
635 796 814267821
635 1009 490984416
635 977 637181908
635 661 124796415
635 1058 594183791
635 1140 431812680
635 833 789237660
1836 1931 771919777
635 929 650109893
635 1143 277193930
635 1310 129457195
635 952 724082558
635 1049 506299528
635 913 958663840
635 780 215244239
635 1110 14638722
635 1057 81617465
635 945 29500523
635 790 668149488
635 901 175609329
635 649 848531029
635 651 344406579
635 1175 381791237
635 1063 994851327
635 770 225313170
635 884 630483383
635 1092 907759947
635 950 638614198
635 739 521146474
635 677 519944046
635 883 423702762
635 843 290749762
635 1088 826060363
635 712 117914907
635 1182 809308820
635 1080 435207975
635 1129 189566938
635 1173 904653242
635 1005 999764404
635 710 342544347
635 768 689929303
635 1264 825678107
635 1262 750656507
635 1261 494955810
635 969 740869358
635 1010 304983292
635 1218 157765875
635 1223 773936948
635 1167 941178864
635 1161 166117290
635 858 108032977
635 1038 770065856
1836 1946 468954055
1836 2455 113649496
635 680 166759572
635 692 904716259
1836 2488 251341636
635 838 298891456
635 1204 335063977
635 1113 660083534
635 1336 517572539
635 908 259060582
635 1085 570937216
635 689 214902736
635 1219 960399792
635 1003 308209581
635 778 367564660
635 811 312639686
635 881 418869934
635 1097 593535247
635 1225 994107832
635 1248 448439112
635 1014 55477334
635 1016 722353484
635 715 511506213
635 891 391845756
635 760 768093193
635 738 440690500
635 979 140777131
635 851 368789117
635 731 501053379
635 733 860041264
635 1012 926866266
635 1167 405815027
635 1335 444625187
635 1007 38148132
635 638 115318965
635 1028 178871863
635 1014 526209210
635 657 885204599
635 1301 696594691
635 1125 70434628
635 760 500837838
635 747 709776937
635 1273 536478593
1836 2366 826491580
635 903 124412745
635 1243 526394424
635 1105 244824772
635 935 966788094
635 1048 79063083
635 642 798301703
635 1064 277374088
635 1134 762351152
635 704 60225686
635 1019 888240837
635 1034 506719070
635 1331 401041475
635 1124 881759973
635 833 124366057
635 848 389814386
635 806 336926500
635 938 554868198
635 742 269963594
635 763 165764858
635 1101 98326533
635 1291 773977562
635 890 264401625
635 815 825428268
635 1256 339379391
635 773 855985451
635 1160 154175073
635 892 728405146
635 1187 396229319
635 932 394789155
635 1285 304086057
635 1018 940565816
635 1282 268256267
635 883 335899920
635 1234 498323198
635 889 362964481
635 656 781758751
635 1312 83301833
635 1055 374327956
635 680 369789466
635 767 51326428
635 651 692538807
635 1240 889716457
635 937 587082760
635 1003 187443586
635 1024 957726260
635 993 94201864
635 837 588168429
635 1316 989711121
635 1137 185349980
635 1221 396840159
635 1303 351006498
635 1075 72271067
635 1279 414974064
635 1281 348703689
635 823 511192072
635 1219 455422428
635 1083 15149591
635 1240 309610937
635 860 936515615
635 709 920190536
635 783 952022272
635 636 485681469
635 1179 339868820
635 1211 723041488
635 854 673888122
635 1242 101780958
635 1144 325034192
635 683 686496822
635 699 123293922
635 1032 762942005
635 1177 543245545
635 1274 134096257
635 803 886465381
635 706 540325651
635 1311 582601362
635 765 461001263
635 1094 471330838
635 824 817400598
635 1199 200204410
635 851 199665102
1836 2240 922737864
635 1014 248687371
635 1203 961617323
635 1051 892566585
635 838 335619472
635 1343 645965017
635 862 580505603
635 1021 557180818
635 1211 79158727
635 928 565705735
635 827 790707281
635 1128 309911464
635 943 423343176
635 1317 82115741
635 987 641966076
635 1058 70509884
635 736 447093088
635 866 415132445
635 1312 977930145
635 794 446041591
635 1145 979120435
635 1219 637751842
635 1262 179857261
635 1279 247716626
635 1059 368935560
635 1129 713093339
635 1320 175211468
635 1050 452031089
635 1200 123328493
635 1230 970544208
635 1196 435312194
635 782 198906389
635 908 452179637
635 1065 94705326
635 975 405356640
635 916 552950274
635 983 555414280
635 1259 793791163
635 848 400260699
1836 2002 624698791
635 654 816883051
635 773 35615212
635 680 747557848
635 1116 841581788
635 858 76806294
635 692 333221294
635 950 945315877
635 1092 900535018
635 842 760455201
635 1191 709481411
635 842 245893968
635 692 585194285
635 1136 545598948
635 794 876017624
635 639 203075709
635 1288 189717758
635 1169 158316228
635 960 621048834
635 1276 724679781
635 1333 96017661
635 728 493756586
635 898 450103041
635 936 196331431
635 740 426227336
1836 2070 671123957
635 755 812564235
635 1001 305637342
635 709 31722478
635 1022 977347035
635 876 664316601
635 1057 558162808
635 1338 409517620
635 1313 633827059
635 1110 537101446
635 1293 987928111
635 1115 250861279
635 787 809858113
635 827 475912522
635 729 392137724
635 1017 74574252
635 1007 55603513
635 1313 533934129
635 1340 58296042
635 1079 50559537
635 1200 132498874
635 1102 726438429
635 1202 696310782
635 909 392212444
635 1170 873667805
635 742 866407532
635 813 217623756
635 847 546738587
635 1104 702953506
635 1122 401104497
635 753 265734321
635 1116 940499925
635 666 435087585
635 1090 21295300
635 869 731110205
635 1344 701737508
635 1156 814742728
635 1043 292793656
635 869 820158752
635 861 669653115
635 817 621362874
1836 2047 300907815
635 1328 753698185
635 1170 41601260
635 791 380977351
635 1342 62066936
635 1136 303165538
635 1117 964920829
635 715 898548107
635 1247 186578115
635 947 945690969
635 695 795249404
635 1265 232355279
1836 2165 652137322
635 765 966556495
635 1348 750327251
635 1206 366820253
635 691 112764554
635 784 277336400
635 1292 934235041
635 851 784235706
635 657 944036779
635 1280 691433800
635 1332 562125212
635 916 279005180
635 995 579670442
635 1271 536792042
635 1218 931671493
635 806 856991855
635 847 745424900
635 1204 162038581
1836 1977 282221677
635 954 777054827
635 1278 37350999
635 969 375112281
635 1081 531823094
635 988 972582956
635 1330 62083702
1836 2159 632065050
635 1173 616257436
635 726 348028379
635 1074 885044224
635 1016 135618648
635 988 54979581
1836 2401 137888846
635 682 974494110
635 645 108545437
635 949 263230782
635 1070 544719820
635 720 163901657
635 1010 256575244
635 1019 755029504
635 1293 259765378
1836 2066 289089198
635 1195 15164210
635 1117 131965143
635 783 522350023
635 872 595951402
1836 1840 441884446
635 1284 90088475
635 1299 826491165
635 1317 232741979
635 1101 219998385
635 1151 137657343
635 814 934816022
635 655 880202677
635 912 404397543
635 740 774887515
635 998 746719932
635 1232 993807545
635 799 830669478
635 1203 453413172
635 975 231509406
635 1001 299841737
635 878 544802852
635 806 20922647
635 807 842256527
635 1281 91090252
635 998 812034318
635 913 230052480
635 1239 880775711
635 1187 542088294
635 794 318948137
635 1113 762564962
635 797 274259074
635 1288 142140420
635 1153 652471988
635 1181 266413607
1836 2399 997393670
635 817 931148248
635 859 675379901
635 1019 131246038
635 1206 315486134
635 1124 944897316
635 1126 154239193
1836 2062 446732868
635 1135 983400060
635 701 117783169
635 1319 919412095
635 1312 695907029
635 1159 294891949
635 1187 259406497
635 1254 276230834
635 1309 300461992
635 987 43386791
635 1245 403438155
635 1301 377393320
635 1270 28693354
635 1033 141363043
635 1199 104450320
635 1336 498739298
635 1002 673935359
635 1186 41992811
635 793 135890816
635 866 194864226
635 1021 93650869
635 855 912982034
635 894 635064142
635 1177 538607401
635 778 391713328
635 1322 100802212
635 773 299398784
635 1236 269511030
1836 2083 666269845
635 727 226846124
635 834 458500607
635 1301 692635770
635 760 643195925
635 722 696927529
635 1238 465479913
635 1289 56250032
635 658 976815808
635 724 115295502
635 1043 260290215
635 1301 129748338
635 826 540942255
635 1254 23305690
635 1225 502374960
635 1155 890725768
635 1030 998075509
635 708 379626565
635 877 618727463
635 923 404129627
635 1261 111894800
635 986 230219023
635 824 124829195
635 1226 138161340
635 919 152476138
635 807 27290885
635 1249 397084769
635 1171 319694966
635 725 172722946
635 648 103938886
635 693 61955196
635 1127 557177752
635 998 826263640
635 815 77239991
635 1283 462985589
635 960 310075780
635 1075 389543777
635 649 414842716
635 757 235078731
635 1056 313942712
635 734 139935367
635 719 69208856
635 1105 646785416
635 1124 831696383
635 778 918714368
635 645 191693909
635 733 755346734
635 746 195029170
635 749 629026233
635 910 410432271
635 929 186644715
635 1256 208501116
635 819 144303214
635 1246 965198735
635 910 713739684
635 889 325713103
635 1015 469517953
635 852 269763321
635 686 507461955
635 706 238810508
635 1319 681784333
635 795 957628331
635 971 687807210
635 1315 362486957
635 1249 711495626
635 1129 644190493
635 859 973476615
635 893 238669020
635 1070 484024712
635 916 155693430
635 784 257490902
635 935 313031620
635 887 956126412
635 993 76954981
635 1070 593851565
635 1270 550922239
635 1310 393857889
635 668 813024324
635 1197 23694733
635 1012 796239054
635 641 306345343
635 1314 113277723
635 1016 587291479
635 772 976381248
635 1059 419139798
635 800 634462042
635 977 471856666
635 894 513334205
635 665 404917834
635 693 447512468
1836 1950 986985256
635 918 298464446
635 1209 655470109
635 1248 524919640
635 851 25958768
635 1059 588616896
635 1169 888354323
635 902 74410693
635 653 911015416
1836 2382 534493587
635 746 560752279
635 971 727258814
635 1156 465630101
635 1338 843744025
635 1011 836812585
635 1175 312159178
635 716 328712514
635 652 984984714
635 757 913452615
635 830 369126219
635 982 216536651
635 663 883815532
635 646 374837541
635 1239 790720323
635 1026 775148109
635 1126 943847809
635 1166 681208697
635 1118 36456869
635 878 652575081
635 784 445994432
635 720 175485005
635 936 673810796
635 1079 20449799
635 892 590150331
635 730 248041248
635 1276 675085607
635 939 785548347
635 635 532087759
635 1042 450723420
635 1118 854614766
635 692 205577186
635 1035 98592684
635 801 660057128
635 895 944755156
635 1341 367706506
635 1346 504430713
635 1255 673266429
635 1127 807457617
635 1251 981545187
635 859 393524570
635 955 497138374
635 696 495793973
635 965 129665480
635 717 839614649
635 1172 536172993
635 1049 491924109
635 845 656911864
635 882 632731255
635 1106 681927345
635 1068 962216188
635 787 416606630
635 1206 949897184
635 1327 826529587
635 789 428399604
635 939 458429189
635 1243 497988462
635 1279 718130052
635 1095 879028644
635 1212 413138378
635 990 899941157
635 1083 779194010
635 1134 120011429
635 683 759412938
635 1300 892077010
635 885 826970839
635 927 601122138
635 927 180060703
635 659 936698819
635 1110 220047924
635 1123 347281013
635 938 67558050
635 845 366460463
635 758 3433059
635 1285 801825318
635 890 467319323
635 803 73764289
635 676 861041258
635 664 361168219
635 745 63502016
635 1100 240809853
635 735 469210289
635 1248 240474098
635 964 858960255
635 656 491491689
635 786 209091691
635 1057 136606719
635 1194 510228047
635 673 229621679
635 751 606181036
635 963 401650437
635 929 485366009
635 934 409600329
635 859 982520162
635 876 200977407
635 789 399916631
635 1146 337301642
635 1268 412636659
635 904 20726650
635 1124 113650802
1836 1904 946719836
635 746 753908647
635 1034 264872206
635 1138 976528705
635 820 524827588
635 1234 682613843
1836 1974 520468707
635 669 561113738
635 1061 587224447
635 971 387724108
635 903 494679406
635 989 125252865
635 713 411134530
635 728 86257233
635 727 517585654
1836 2436 496224444
635 1090 346800340
635 854 738634044
635 731 490138268
635 964 910066687
635 666 561094171
635 1348 257970734
1836 2016 821855920
635 635 13073157
635 1033 351815132
1836 2482 45538846
635 744 834564482
635 1244 452060174
635 974 730792238
635 774 642142962
635 741 672120097
635 892 876308927
635 1307 399434875
635 754 452693800
635 1338 404532120
635 965 248255009
635 1089 979451661
635 995 807381815
635 1110 757876336
635 1185 767022223
635 1060 341821324
635 1261 235827652
635 1344 483643760
635 810 814121090
635 683 675049367
635 907 719246951
635 1000 478613131
635 1332 827995525
635 897 100281745
635 1338 5993695
635 1348 921626261
635 1017 694757754
635 1172 468308908
635 1130 953806407
635 1184 470808583
635 678 103540866
635 733 924434294
635 1126 891420365
635 1121 342214375
635 736 706628032
635 725 387783048
635 1161 407420819
635 656 440288274
635 957 989464060
635 970 108279004
635 796 584011796
635 1000 506125717
635 1128 873891845
635 1319 627312958
635 764 752796738
635 659 928202339
635 842 734104125
635 766 470960921
635 705 45073133
635 838 424570556
635 1102 389979750
635 655 421087808
635 1309 212355874
635 761 694271432
635 913 810038219
635 1050 414004234
635 703 239165982
635 1207 531498870
635 1069 225276978
635 964 602779134
635 1283 191853135
635 1185 541170246
635 696 820465584
635 1312 727583454
635 1313 264485752
635 800 886014300
635 1019 365359265
1836 2074 307670665
635 1262 242300399
635 870 923512050
635 641 564451215
635 1274 41812262
635 1300 967518120
635 850 284826115
635 1348 287731557
635 1066 910754337
1836 2355 493777069
635 927 451387087
635 1272 96301907
635 938 546571370
635 1222 844271168
635 646 489605470
635 1043 363138018
635 1080 240169256
635 903 176227506
635 1273 791707964
635 795 880312559
635 1156 327644753
635 1130 736257125
635 963 185750032
635 784 274812586
635 1306 679089631
635 730 839555087
635 720 806344012
635 1297 736015483
635 1226 226040826
635 1050 321169382
635 917 474413679
635 1183 570602240
635 1147 717784260
635 1270 372670329
635 1086 657903150
635 935 598673000
635 689 337468670
635 971 491708265
635 1208 522624444
635 775 41305453
635 1131 999738472
635 698 711550197
635 968 525336428
635 667 237563514
635 882 397103063
635 931 737632425
635 982 111268671
635 654 680803780
635 914 978988441
635 1136 634441616
635 673 451282376
635 899 73433766
635 695 358158765
635 740 416267593
635 1110 734426499
635 1204 745063072
635 656 747108226
635 673 825702898
635 640 793320812
635 1259 301292126
635 1220 944217053
635 1053 749948931
635 860 600324391
1836 2119 139639164
635 651 441189113
635 1206 86944653
635 871 343393865
635 1037 189442682
635 1212 159634035
635 1009 592793689
635 1297 526163629
635 701 871481045
635 1196 251932797
635 1081 52609394
635 708 668310929
1836 2244 95237177
635 814 462327933
635 986 937533965
635 792 202074414
635 1259 589566943
635 1342 970908657
635 1056 978143729
635 1344 710592551
635 1129 951448527
635 1052 47967051
635 1280 302477483
635 1318 181126870
635 1198 414369601
635 909 880163086
635 868 415773264
635 1118 469987096
635 1072 351549425
635 1223 797713602
635 1032 397445063
635 702 994492574
1836 2006 402367250
635 1115 856915586
635 806 237954826
635 949 603969385
635 1172 710739023
635 885 576819842
635 711 294994789
635 979 315871749
635 1144 999781497
635 1139 33236140
635 818 908699111
635 642 987024884
635 756 386167088
635 700 534478500
635 993 979563853
635 722 344990585
635 961 674219533
635 1289 368379996
635 1141 976833175
635 1137 261590771
635 1250 989828779
635 1306 837265177
635 703 589333650
635 1037 890633004
635 1235 865211007
635 872 322052490
635 1298 919148424
635 1020 721627608
635 644 110611812
635 993 71963077
635 987 916566875
635 1233 519429473
635 1144 52674129
635 839 899891286
635 1045 826098750
635 936 949768983
635 944 295117136
635 681 67545417
635 830 351883149
635 1330 856549795
635 1196 707858899
1836 2137 823829994
1836 1838 624318857
635 1183 146170828
635 884 229070072
635 774 122443610
635 755 450334625
635 939 237591657
635 1033 395384890
635 1182 353078382
635 1082 715706440
635 1085 474880235
635 848 69616142
635 776 529589321
635 1270 891008601
635 987 308361668
635 1225 142227798
635 938 183823187
635 887 688940991
635 1233 788810349
635 1335 539838073
1836 2255 806367896
635 853 226899460
635 845 304926424
1836 1982 678150310
635 1280 971715536
635 1259 39716655
635 691 530425447
635 1276 657051821
635 965 249620532
635 834 848425740
635 930 741291326
635 665 302268626
635 742 487985251
635 1248 556440092
635 648 306364774
635 1196 256162934
635 857 410136378
635 1049 697265468
635 918 996680265
635 787 832287464
635 1266 968598033
635 1225 460373060
635 1255 68969491
635 1228 591000200
635 1127 627074924
1836 1860 853427478
635 754 42546732
635 739 298393932
635 1042 149575330
635 801 12522328
635 1029 443619292
635 1341 780434181
635 920 892525104
635 1253 221893311
635 1195 536992307
635 641 598152027
635 1305 584513775
635 742 79234699
635 764 569821602
635 1020 57918225
635 880 374606663
635 1207 904517865
635 1256 190996439
635 1015 214747510
635 639 920492642
635 910 439554269
635 954 371598521
635 835 118959463
635 1327 651715588
635 920 879902875
635 1223 387500789
635 814 839196167
635 885 590851765
635 894 105485834
635 772 565129184
635 1050 349338897
635 1089 191788997
635 763 423527638
635 1174 927307872
635 1109 26551790
635 1082 330233623
635 990 71784314
635 1034 350505471
1836 1925 772120769
635 759 996093207
635 851 93226955
1836 2239 57063700
635 1316 330492546
635 1102 229675188
635 947 217017643
1836 2219 309866961
635 866 883604069
635 829 993805310
635 1328 370989074
635 846 292858669
635 1076 754363740
635 1154 931693042
635 992 878838053
635 905 818682587
635 782 797875868
1836 2312 582305785
635 953 133560737
635 742 909271583
635 783 503143088
635 1294 956076829
635 1136 788381323
635 882 809686476
635 1104 306010820
635 1140 507367312
635 783 136827823
635 751 801199773
635 778 568919918
635 811 402243256
635 1347 671740246
635 1268 922936930
635 954 536128746
635 943 582666414
635 911 975062366
635 669 159185739
635 1267 310990822
635 1030 918591415
635 1339 435732500
635 1013 41471811
635 904 182959423
1836 2208 435253574
635 706 779678267
635 1207 816624426
635 1134 185653149
635 1301 213732458
635 1345 191966928
635 866 483144864
635 841 386342300
635 891 580510396
635 1210 386294099
635 1196 389479480
635 729 314112913
635 840 83741287
635 1092 635500623
635 963 248511859
635 694 842051917
635 1229 368433604
635 1250 166858939
1836 2233 272604930
1836 2294 103074161
635 1210 437056539
635 1114 343991365
635 843 206369691
635 1019 874892674
635 1138 71607958
635 1256 406590097
1836 2195 315907958
635 896 314212171
635 964 370806607
635 749 921018726
635 1334 967257623
635 1322 904908912
635 1302 261753858
635 1217 281458336
635 951 176243980
635 1165 595357106
635 1260 812455722
635 1154 472288097
635 1071 787325751
635 1002 877564135
635 744 340445632
635 1255 846609906
635 765 494824316
635 1311 418323319
635 1313 603578329
635 1181 34539505
635 1346 229340213
635 1335 620809961
635 727 903088516
635 867 352281052
635 758 193419738
635 1039 937538795
635 676 201264754
635 942 228842607
635 1041 644515114
635 1314 682215286
635 1225 200464735
635 1189 413273420
635 1077 567845941
1836 1871 337976746
635 1049 369106483
1836 2049 714700293
635 671 546695948
635 647 681617707
635 1165 100810162
635 733 67473082
635 1102 322339352
635 898 963093701
635 1060 788254463
1836 1988 603360269
635 840 31368694
635 762 789959997
635 795 882875626
635 1342 331567572
635 1129 931888794
635 1032 61509867
635 1311 11172959
635 730 769550009
635 795 994343050
635 1316 133082587
635 1141 770425846
635 1299 281941373
635 1265 932092890
635 1120 151743726
635 1156 334774795
635 940 427631631
635 1221 868863544
635 671 691156818
635 988 604083965
635 657 317979568
635 698 725060500
635 641 205869424
635 845 26560227
635 1037 685193907
635 1035 662551511
635 1302 784434088
635 1170 246108867
635 1030 795988027
635 998 65601783
635 1219 87501375
635 1113 916050761
635 661 503346019
635 1144 598500205
635 903 161591228
635 1060 62254987
635 638 114714368
635 1321 31855918
635 1148 314932165
635 808 896394205
635 1336 618803759
1836 2465 409608875
635 1242 69816022
1836 2433 322523857
635 739 112608693
635 1324 138673628
635 1223 792973044
635 785 471964206
635 647 957840245
635 1269 737674074
635 1262 280254183
635 855 706887098
635 983 474322379
635 1205 366752502
635 1006 428398916
635 1239 438044894
635 1062 93560503
635 793 200298604
635 1116 17050655
635 726 539778474
635 699 77807322
635 951 393096976
635 805 856189152
635 997 336471323
635 995 221279864
635 1000 309865131
635 1153 28556898
635 849 394988046
635 1279 890072101
635 1292 381856170
635 1193 621974932
635 1153 754462205
635 936 127701231
635 1202 675599830
635 647 308044872
635 760 285896333
635 1171 281614082
635 653 493341118
635 825 336902898
635 1218 278199380
635 1220 319218785
635 1175 950092187
635 1159 100291465
635 949 165485284
635 886 267951124
635 868 623542976
635 871 577275464
635 973 350195164
635 945 567792925
635 1343 998953629
635 1165 261173040
635 1132 583313700
635 1083 356398646
635 819 884212994
635 697 548368875
635 983 353729965
635 639 973909991
635 716 365162523
635 970 780082751
635 1029 576714047
635 1047 391737042
635 1280 261302126
635 947 471901366
635 780 665716124
635 1320 512600424
635 865 681175846
635 1339 860125993
1836 2034 450651661
635 1085 966458519
635 1078 937676552
635 1247 593391470
635 902 838158100
635 913 441250530
635 802 827044831
635 1072 671120834
1836 2389 931367156
635 847 326401268
635 1111 3716163
635 1161 33080538
635 657 250068243
635 702 940215151
635 999 613046183
635 899 53128614
635 923 940156946
635 1062 314329274
635 964 693924635
635 950 892902333
635 1032 871720522
635 1114 242406417
1836 1920 432812549
635 1205 417120891
635 654 594414626
635 982 524277756
635 814 734377169
635 840 760246490
635 722 497658131
635 1286 917375624
635 1050 386002509
635 1183 421648200
635 772 43196086
635 1278 417916496
1836 2222 843080264
635 695 976864850
635 765 17982182
635 1251 418297267
635 759 681467012
635 1095 595684055
635 782 949064011
635 745 991934162
635 984 601771969
635 830 564976445
635 1070 959239059
1836 2029 62846552
635 1113 21884616
635 1189 414124764
635 1266 821123238
635 705 745222872
635 883 195144062
635 1111 464665527
635 646 257817806
1836 1941 420183311
635 902 465874917
635 1156 477362230
1836 2455 319783367
635 1238 706626649
635 1091 847149378
635 1111 119814085
635 1154 400765717
635 1186 517163064
635 1126 476534695
635 666 631620164
635 815 491769239
635 811 681701487
635 927 243411670
635 1192 508738704
635 940 961373243
635 1238 840978938
635 747 871598114
635 793 805098459
635 794 784816987
635 656 91958635
635 735 901508186
635 1137 77442250
635 1094 868779878
635 1001 995142257
635 1034 851219378
1836 2363 865444322
635 796 282000565
635 1136 79950114
635 1292 369498301
635 665 2723375
635 901 597854080
635 638 951651783
635 1294 73918370
635 1234 126809501
635 1335 727287593
635 869 573522802
635 1036 470197566
635 891 80221579
635 850 524277648
635 659 736810189
635 740 222844952
635 1168 414893627
1836 2166 312336872
635 1102 282183830
635 662 46701045
635 1287 612038962
635 713 367327775
635 882 581637550
635 1315 107411266
635 1165 651253220
635 898 214088677
635 1044 448832502
635 913 979971050
635 704 580343108
635 828 463192794
635 822 813525647
635 1252 749359073
635 1270 562734814
635 1291 41814495
635 747 897816158
635 1237 138443590
635 749 174258181
635 924 662371680
635 824 562449572
635 1053 75006876
635 884 258327159
635 1242 392322668
635 1026 225650612
635 1072 343399333
635 811 156919528
635 1145 635796254
635 896 242718221
635 1065 56691640
635 724 626658979
635 721 714543581
635 995 100904156
635 1088 656477832
635 1319 773737831
635 805 887868002
1836 2016 711120461
635 897 822365679
635 1100 543127755
635 919 806222117
635 725 553776487
635 883 195444161
635 940 750778683
635 815 519797098
635 1088 477028027
635 664 371736298
635 840 579302138
635 764 188314259
1836 1998 140015737
635 1215 772507144
635 791 723198124
635 712 573931765
635 1119 296363833
635 691 927025758
635 1345 417514526
635 1160 280611573
635 1123 419790336
1836 2232 491383561
635 803 791772166
635 754 407206150
635 725 983641825
635 1080 882086572
635 1061 97692672
635 1297 526292879
635 689 999058897
635 671 117556459
635 1289 295773128
635 1196 648137214
635 836 57582580
635 768 218120155
635 728 735750888
635 1053 211493686
635 817 506079954
635 1258 326097511
635 1049 67179872
635 964 576709521
635 889 492069871
635 1311 668326179
635 866 754630357
635 742 526526911
635 1346 573305416
635 1096 448186470
635 648 225272243
635 959 177525048
635 898 443099606
635 955 829600190
635 1156 155401529
635 1126 687032099
635 760 638975944
635 740 810836661
635 1265 898475993
635 780 306538923
635 1264 84116715
1836 2318 457964901
635 1232 64420994
635 881 897444968
635 755 313443337
635 655 573262685
635 1117 264589618
635 840 898910354
635 1091 426924370
635 763 970841845
635 1018 188446766
635 973 91099439
635 1097 513860562
635 1009 335946250
635 786 238784394
635 795 494545171
635 704 646156848
635 716 874358634
635 1101 910499397
635 1004 850157218
635 775 803337562
635 676 923425973
635 815 840967204
635 1069 237150007
635 819 924351543
635 873 174135135
1836 2133 974529510
635 646 392244299
1836 1987 513746284
635 1324 943942259
635 1199 941758458
635 714 450579789
635 647 734804609
635 1305 144470297
635 1303 9715132
635 1117 44742784
635 876 19635232
635 1266 762388641
635 945 249446605
635 1026 272953015
635 1057 230649305
1836 2116 171563866
635 1328 70733910
635 1160 301934097
635 924 524127981
635 946 583336003
635 1214 242175007
635 1078 236225508
635 1056 198296176
635 1147 729634994
635 1255 730067082
635 638 406222978
635 1145 33513076
635 1308 42546233
635 1130 818199913
635 1316 919756864
635 856 108243588
635 1206 509020797
635 1302 991640100
635 1027 403530464
635 1321 693457416
635 1340 922459954
635 1228 693672744
635 797 717967646
635 963 525846843
635 1201 840869907
635 1209 715892244
635 742 146432810
635 672 742676128
1836 2280 865981350
635 719 23574767
635 1051 843405207
635 1318 302131639
635 1256 394489792
635 1121 535234747
635 978 532866360
1836 2305 126664369
1836 2374 97638539
635 965 921746449
635 1193 279810557
635 1196 92566582
635 918 834535598
1836 2372 341567148
635 882 586136043
635 839 607615519
635 1290 455627670
635 1253 820801257
635 995 677395164
635 1195 108641506
635 769 374667813
635 1030 514759130
635 1074 68547568
635 1056 718757569
635 1019 226002693
635 1216 351866358
635 947 499038800
635 1155 572576223
635 1341 520403848
635 891 489861863
635 1016 279399082
635 1068 554360804
635 1347 804472142
635 827 321791335
635 1186 200362514
635 1148 495868986
635 1067 851086494
635 1199 494445436
635 1014 4796008
635 1338 923585340
635 643 200760791
635 1032 809538134
635 905 377685348
635 932 374567563
635 1145 586523557
635 1313 752743275
635 1032 763144154
635 916 685453373
635 739 20798630
635 881 594474878
635 1030 644197164
635 1035 148490314
635 1005 717547690
635 789 437693515
635 672 424842522
635 1216 545253264
635 667 647072855
635 1180 711841451
635 947 990276207
635 1255 64410891
635 1289 205559589
635 1079 306660614
635 1197 104786573
635 1128 264809619
635 897 996544738
635 888 509706975
635 1071 898686572
1836 1923 976709311
635 1149 526446586
635 969 769789553
635 833 663793850
635 768 147519279
635 1184 62028595
635 832 740293520
635 670 231322855
1836 2217 257499744
635 744 178958778
635 1077 988109891
635 654 141523595
635 771 867932436
635 1310 923100524
635 1031 414920637
635 1089 159838995
635 991 326517796
635 1340 208482251
635 1325 659711490
635 1072 859091621
1836 2287 992604147
635 1339 517377595
635 696 857169378
635 1084 424940409
635 927 817862078
635 1254 201538864
635 797 149861159
635 960 617967032
635 1321 927156415
1836 2497 604107748
635 1248 347492326
635 944 863666220
635 965 740444823
635 889 355385038
635 1319 197402273
635 1320 56226792
635 1224 10009088
635 885 893090593
635 1038 852319244
635 864 918097458
635 1289 547752242
635 960 90056552
635 647 660387633
635 1224 224074468
635 1206 176575712
635 857 689986215
635 1085 964541112
635 1115 585061157
635 1251 568962078
635 1270 947588201
635 915 945336152
635 666 748276721
635 1059 356878615
635 1056 552629380
635 1159 500213128
635 1146 123568471
635 972 95509433
635 900 966174093
635 1090 617161268
635 957 65153981
635 1162 974456925
635 984 568085642
635 731 394053024
635 694 155054210
635 741 447116595
635 1102 122983197
635 1295 420558537
635 1112 625600513
635 847 810100682
635 635 203542554
635 831 989143408
635 703 2392772
635 1180 485172399
635 1323 527960681
635 1058 176928485
635 1078 292516445
635 916 237544140
635 965 386915723
635 660 270544168
635 1332 735242323
1836 1917 385502663
635 801 68103082
635 1082 350633580
635 759 986537714
635 846 890634007
635 1105 981518693
635 1188 1609956
635 1254 849928292
635 1177 307083306
635 1213 531102474
635 929 826119410
635 999 876953031
635 1018 392665634
635 1121 914208306
635 1048 185346028
635 1030 433280323
635 892 878035211
635 732 334405639
635 1157 574264026
635 1195 780461572
635 774 59115475
635 659 870228539
635 1218 742007127
635 928 695185223
635 1108 20763257
635 1182 197241662
635 642 32015802
635 830 278135089
635 653 119746912
635 738 422861656
635 1344 445764284
635 1095 64957247
635 681 868190707
635 726 661587600
635 1140 217546803
635 1113 836978595
635 833 149381104
635 854 464195489
1836 1906 348201170
635 1145 115336235
635 1267 561292520
635 939 134887964
635 759 991341968
635 816 879638933
635 1261 862034682
635 1298 962108337
635 1003 543472940
635 797 774812707
635 1127 4452321
635 728 637561686
635 674 482623602
635 1282 378242426
635 886 83959449
635 1115 651887415
635 667 748049028
1836 1930 738429251
635 981 919044508
635 922 689559603
635 1281 874044617
635 1207 143088795
635 733 582551145
635 987 752869334
635 1154 661454173
635 1253 170381277
635 826 164185326
635 806 971586033
635 754 194160554
635 1213 275503639
635 1016 473278650
635 966 608093738
635 888 254824341
635 1297 37805958
635 995 35124412
635 979 250070505
635 955 206274566
635 1158 425462036
635 1343 355167736
635 640 202200447
635 675 641590665
635 972 207051266
635 1185 695250002
635 918 158626275
635 1011 674670708
635 1118 276772944
635 762 436849434
635 1063 663558240
635 1208 680100747
635 1153 682651874
635 778 682466685
635 1140 231504845
635 861 186796585
635 728 86139785
635 702 289160871
635 886 327364645
635 997 43376988
635 667 310173407
635 1181 437283097
635 972 850245173
635 1047 595755209
635 1308 469468309
635 770 576431114
635 770 756285946
635 1062 599387962
635 754 866926582
635 1213 554699902
635 653 86859440
635 844 157810265
635 1068 609079301
635 1062 169917307
635 1288 419588313
635 1063 588083847
635 1213 725639759
635 1333 672701087
635 826 281159597
635 680 252897812
635 981 151262727
635 1206 259239061
635 1234 733987268
635 932 828699448
635 1103 592152480
635 1155 586150113
635 1051 123332298
635 1341 290653053
635 975 229948650
635 1105 102341084
1836 2498 913856204
635 1054 20454708
635 905 960203668
635 791 532323091
635 838 630169154
635 1272 358916163
635 793 333533202
635 1015 347423606
635 815 982858972
635 695 416968404
635 1195 132739604
635 1156 515224270
635 895 733683928
635 1332 228105262
635 708 955118264
635 821 502450007
635 902 62384963
635 697 968666373
635 1015 265609358
635 1015 489658116
635 1027 240481132
635 1056 368116341
635 1152 872621053
1836 2230 162734810
635 1239 75947693
635 1120 712150621
635 1041 683075327
635 1132 580355832
635 1223 373662825
635 1124 872803741
635 688 712377830
635 1222 737472266
1836 1887 21949309
635 872 520375706
635 1329 876340752
635 1116 526210666
635 1059 818305097
1836 1912 122386661
635 814 44586286
635 734 523010074
635 1028 742299521
635 752 587013422
635 886 849458011
635 1307 584205658
635 813 902642618
635 848 714041633
635 963 185443579
635 1151 48457521
635 835 414170430
635 851 580754229
635 930 188875734
635 1148 266179490
635 1265 104582113
635 1236 653745950
635 1335 523352192
635 729 611995394
1836 2149 447659484
635 1015 938921239
1836 1923 853448964
635 840 76352114
635 820 202510016
635 913 456992810
635 828 201864992
635 919 387721254
635 1020 282778237
635 1085 233824529
635 1289 559336178
635 1191 860580590
635 1126 940129145
635 857 916432409
635 931 246210781
635 1152 706734319
635 1262 230491944
635 1216 387529070
635 765 415509415
635 884 381066786
635 1319 564133754
635 1067 737520350
635 954 158095721
635 1166 610601814
635 989 219786602
635 691 27571794
635 1320 679842870
635 1310 264775328
635 771 455080424
635 1130 440553045
635 699 256674515
635 1168 665354216
635 1341 116594328
635 1145 906643018
635 760 348372699
635 765 897781611
635 1103 964861580
635 1047 747790550
635 745 520143831
635 1088 426073824
635 705 955170848
635 806 463299463
635 1031 597115296
1836 2202 515365496
635 1162 170822842
635 679 353996993
635 1230 549113089
635 1243 211889006
635 919 733314053
635 646 749595169
635 779 538750093
635 1195 454163219
635 994 748418250
635 1111 934831433
635 934 928948009
635 1205 422622534
635 677 304996477
635 1142 702794946
635 868 291830611
635 923 431579944
635 1030 569284899
635 1020 946959989
635 1144 727701936
635 1205 773080629
635 1341 171467674
635 693 636992726
635 1279 277839535
635 1244 265889514
635 642 648771486
635 684 659721137
635 674 454086640
635 792 434322781
635 1013 534735865
635 1268 890643962
635 1085 380332717
635 862 614512247
1836 2011 37533833
635 689 44469933
635 1098 382604674
635 1130 831216861
635 1118 800018392
635 1153 653310824
635 670 353175689
635 877 673176864
635 1032 478711820
635 735 407523602
635 968 100243182
635 638 308403532
635 1073 646680342
635 660 900569440
635 1049 231989050
635 869 16082396
635 1065 577742977
635 1087 246167239
635 735 482253181
635 1027 327525530
635 1287 893970501
635 1320 412618885
635 1057 687781888
635 1177 604478506
635 1117 455785884
635 1156 742196522
1836 1923 301413576
635 1342 126821490
1836 1947 596125066
635 1142 774058213
635 901 607112560
635 1021 645201294
635 773 606467967
635 1084 359945469
635 1323 585787528
635 1251 679952552
1836 2220 143861557
635 845 63074537
635 880 248241032
635 858 228896167
635 737 478094298
635 767 512779556
635 1012 862934955
635 1288 560709449
635 713 35785166
635 1110 492099598
635 1245 186668321
635 772 221935028
635 777 605061468
1836 2109 319152138
635 1246 501571128
635 822 254248993
635 809 695405725
635 1263 762163467
635 1299 739357037
635 1136 400392995
635 761 193011074
635 918 111769536
635 1086 148066749
635 1189 217880372
635 1074 930897156
635 851 250791768
635 1268 745250587
1836 2502 345526907
635 923 527049471
635 1068 415777048
635 664 766199842
635 715 650821788
635 792 35980936
635 875 168022200
635 1041 996823552
635 1319 927183307
635 972 524570058
635 1026 406232917
635 1268 529456253
635 934 358143321
635 1333 203569602
635 1317 347565415
635 745 426205739
635 1172 154994670
635 959 14878595
635 951 65511941
1836 1876 195360070
635 1080 961378291
635 1333 199981982
635 1024 933989063
635 1123 401037418
635 754 236346149
635 785 573524281
635 1099 46900052
635 844 103359951
635 1347 715844473
635 837 83902544
635 763 376720239
1836 2412 987854168
635 981 187965948
635 679 500678790
635 1051 443667713
635 1329 549785456
635 695 492847013
635 782 46744195
1836 2227 307940573
635 1162 624696632
635 1217 13279080
635 798 560292763
635 1036 147060182
635 1124 573105844
635 1304 528392167
635 871 138587463
635 716 161028319
635 1025 553523793
635 1089 546921240
635 985 329671818
635 1325 541467839
635 889 352372897
635 1257 604635185
635 766 747782203
635 1075 919456224
635 1038 241337785
635 664 423950280
635 1098 868197813
635 1337 900349382
635 660 961545588
635 929 893219177
635 946 853683059
635 1108 418364018
635 842 835120629
635 730 674336148
635 682 67439201
635 1339 90125522
635 1053 63967937
635 710 165461094
635 1255 545794296
635 1302 992177802
635 1228 345382224
635 955 610732423
635 1006 637518200
635 1329 650575121
635 922 197060053
635 786 535596908
635 689 961970904
635 758 547979848
635 732 234650199
635 1154 106364592
635 1234 292721326
635 653 898900302
635 715 533608770
635 1068 641230142
635 1078 400750739
635 809 876765203
635 1159 233533542
635 1265 184734308
635 1185 674594065
635 1002 614388524
635 1203 63189936
635 980 152004762
635 1134 105748842
635 722 983076109
635 835 569660597
635 1199 835658108
635 670 882970959
635 1303 982808977
635 1283 465937939
635 1211 61880100
635 697 509053775
635 819 455999251
635 1173 710096519
1836 2361 479193738
635 1114 760729360
635 830 489716551
635 758 28716306
635 666 268667854
635 958 724768765
635 1201 421856911
635 847 590604173
635 1080 290722023
635 1029 351199071
635 784 383365084
635 657 608636987
635 1164 167676376
635 1180 237559278
635 1004 77823554
635 871 886498825
1836 1868 526987564
635 908 492405128
635 869 326439166
635 1294 532886548
635 1252 674647446
635 812 473837846
635 858 229870858
635 1314 644685045
635 1339 874373688
635 969 905555501
635 1081 351425705
635 823 280415241
635 1293 17414532
635 959 248821222
635 1230 234944957
635 1149 852591527
635 1061 42438629
635 1064 358443954
635 1195 851786551
635 1140 397489294
635 732 516149085
635 1102 362967203
635 1348 593470707
635 812 689755890
635 1329 484683036
635 756 994482962
1836 1854 24679240
635 1064 410017888
635 1046 314284724
635 765 976857731
635 1247 166562881
635 1195 636056750
635 1342 427507185
635 954 679120848
635 1325 496065298
635 740 346773214
635 1093 246860506
635 1065 815610233
635 1043 337658976
635 1306 696063084
635 1285 441770506
635 718 784652756
635 938 316661594
635 1066 145400946
635 1003 620549933
635 1322 388185910
635 1119 889763462
635 998 748489562
635 937 364938932
635 1188 253866485
635 1124 251238746
635 1294 148862731
635 1212 285793889
635 726 518775908
635 1052 908675888
635 768 374736862
635 984 200713844
635 1188 456656197
635 1096 635007963
635 1126 7574494
635 1348 626718846
635 1087 142625325
635 1015 501506713
635 795 438999890
635 1094 483898160
635 687 735793769
635 817 519565804
635 1266 46093921
635 728 368181597
635 852 722001009
635 832 16697633
635 671 555714947
635 1036 203807905
635 661 362445599
635 1301 52353782
635 849 226803992
635 728 798570013
635 847 56814877
635 671 580074984
635 771 539136860
635 948 241874746
635 1100 638709231
635 923 81872269
635 1070 965106566
635 705 432322520
635 859 836925529
635 1103 911455048
635 1040 809223856
635 1206 556571419
1767 2790 968805941
635 1028 614876732
635 836 689337600
635 1083 611373530
635 723 592152542
635 788 80768567
635 1113 415783438
635 1101 936023061
635 1135 80077226
635 1034 888187961
635 652 931665550
635 1177 34704069
635 1076 844686243
635 1058 234549932
635 1336 886337411
635 1093 259084140
635 1312 147938330
635 786 560270921
635 957 88875078
635 1201 723232913
635 647 105920801
635 1199 268013744
635 889 25287837
635 1230 231792884
635 1311 425555751
635 876 614351767
635 862 174648479
635 797 228657210
635 645 574476311
635 899 914169965
635 1038 666996044
635 1157 91366714
635 702 417366767
1836 2204 245732268
635 1243 220352714
635 1046 791771037
635 1232 525192275
635 1088 386012265
635 1200 562027733
635 826 704233909
635 1097 19744980
635 1099 574330093
635 1205 295940035
635 711 888559303
635 1117 738293142
635 1106 733988398
1836 2297 293247203
635 644 433174211
635 875 990517408
635 964 846861375
635 1146 673555570
635 1325 606917679
635 843 934746006
635 1310 890085737
635 1162 409947875
635 1161 440346370
635 1305 163580111
1836 2341 535358688
635 1025 97138328
635 896 673090345
635 1045 807885315
635 827 744554621
635 1230 28919110
635 1055 399774079
635 1113 128304020
635 788 727581500
635 1256 815308354
635 1289 890210345
635 806 626685508
635 762 662248838
635 774 699248021
635 1229 284261772
1836 2306 261705526
635 1319 693806273
635 856 94236764
635 1316 438121212
635 1344 485746459
635 964 335438154
635 807 88981435
635 739 78318263
635 1086 892676640
635 904 778513233
635 1021 9564302
635 1235 978950269
635 1102 381306893
635 957 442347536
635 833 156110567
635 1013 243688719
635 1185 662495115
635 971 401315382
635 1277 719907399
635 1254 141072094
635 866 908796557
635 826 389133391
635 650 336699648
635 1014 960465511
635 1319 861946581
635 954 289014011
635 1296 779583932
635 837 447816718
635 1335 367930186
635 1127 898002259
635 660 454096373
635 859 731911080
635 892 120230892
635 1299 329176272
635 1121 898147899
1836 1896 203444576
635 1124 487823345
635 904 144311478
635 711 28707011
1836 1877 274018188
1836 1933 590891734
635 926 99403194
635 973 151163147
635 1128 321610671
635 688 6667106
635 637 392512662
635 1069 10688049
635 668 814105033
635 1063 226202514
635 1031 201312362
635 1219 310450954
635 1017 560814749
635 1288 720174087
635 1122 208135804
635 1291 363150095
635 731 227771383
635 828 171452570
635 1001 787354931
635 1094 951436960
635 1259 67460826
635 1176 59392476
635 830 780843338
635 796 930157992
635 1213 261432788
635 1069 571404627
635 774 494620228
635 781 65015206
635 1229 947503222
635 935 845067519
635 806 890108615
635 919 281420508
635 881 513238165
635 756 442313984
635 643 230037210
635 799 112067289
635 1266 599764810
635 814 628494631
635 680 840926524
1836 1974 329742477
635 718 946018165
635 691 130958177
635 851 634426705
635 929 588395320
635 844 165875295
635 659 385404259
635 708 762976145
635 747 188931276
635 1050 901612914
635 735 275340274
635 803 34306466
635 859 319589893
635 1302 743747643
635 718 518959205
635 1174 964779864
635 1249 864774109
635 1199 750826637
635 860 223581793
635 1243 37918976
635 1106 217192566
635 969 480224037
635 758 250515912
635 816 89676364
635 728 861943774
635 669 945281712
635 754 216694123
635 761 575496569
635 678 743668572
635 824 67971928
635 835 565948974
635 1017 475014909
635 1128 434883549
635 811 269947030
1836 2024 328757230
635 1222 384718893
635 751 980081417
635 1146 547602902
635 1306 949342288
635 1247 873442773
635 677 712354312
635 877 353254268
635 1185 251766339
635 847 311061905
635 1264 785204184
635 1095 502788529
635 1108 192097592
635 829 251756799
635 710 858407344
635 813 246347643
635 1030 341067369
635 976 281670425
635 1191 292612892
635 840 396936325
635 959 774063054
635 1267 263459516
635 1104 41785650
635 660 320276694
635 928 818538437
635 1252 930393735
635 1103 711518017
635 1260 727235482
635 707 960834063
635 1179 635098333
635 1338 817180931
635 698 858156817
635 725 251574641
635 976 39373954
635 890 462691854
635 1110 929518795
635 1165 14928576
635 1233 369805543
635 877 222683212
635 656 66759700
635 1080 406681391
635 1086 737689561
635 720 901952356
635 830 254525806
635 801 109204254
635 700 65042863
635 1083 44451556
635 1010 963093667
635 917 984073839
635 1050 209753243
635 761 293525154
635 913 293980264
635 1070 491978368
635 712 638230218
635 1231 309355773
635 753 562984885
635 812 64725221
635 761 324761826
635 677 175972138
635 1233 651360383
635 701 824990206
635 644 811251252
635 788 623029790
635 1333 986332716
635 1057 479105006
635 969 528270385
635 1065 110403309
635 1247 683956300
635 801 728876774
635 740 780453325
635 1109 920057069
635 836 229722721
635 1301 518140825
1836 2271 178663568
635 1159 466556289
635 997 706654966
635 653 867100006
635 786 66450402
635 703 435494159
635 817 232554518
635 1321 129794616
635 1310 271979988
635 810 401868205
635 1026 179806434
635 949 385748447
635 1033 99965295
635 932 265837116
1836 2235 77824032
635 888 541631926
635 673 22189490
635 1156 588211091
635 922 791876105
635 1329 657823850
635 750 189708440
635 1240 902915745
635 1036 206674733
635 963 843216748
635 688 639634650
635 860 122652607
635 720 868639742
635 938 688917616
635 735 378078707
635 948 952999500
635 682 571640030
635 1076 434279549
635 1178 493823917
635 1117 979423462
635 1052 412835347
635 1169 361671960
1836 2152 463907913
635 833 85399655
635 902 257507930
635 1160 232993649
635 1308 380036985
635 866 955842950
635 971 95797909
635 1335 111718512
635 969 979862936
635 1221 667785545
635 1151 150907505
635 1344 382709156
635 1249 638716164
635 965 275922294
635 1155 305358492
635 1310 111431705
635 1244 560937574
635 904 594257544
635 1187 509163165
635 904 671986118
1836 2061 475127136
635 635 478166199
635 788 767501711
635 777 17477473
635 1126 11527498
635 1289 280757034
635 832 608279080
635 900 395463141
635 840 223807646
635 1209 187292085
635 687 172412455
1836 2461 751426406
635 762 117830666
635 875 936935560
635 998 933660205
635 694 990188776
635 1108 726831812
635 1077 883458381
635 1064 786375161
1836 2329 119919602
635 944 360749143
635 1031 206725106
635 997 943011549
635 750 483166658
635 1084 352953360
635 1222 882848214
635 1113 431379246
635 840 316746767
635 1271 881614922
635 815 36491707
635 1042 949977436
635 1252 241268319
635 1270 829043575
635 1193 421788439
635 1201 944157059
635 1151 169873467
635 1337 297687883
635 1197 386587269
635 802 217853081
635 757 490093674
635 878 316213886
635 929 435492873
635 1231 486138462
635 969 862516824
635 1164 716607570
635 1130 931696030
635 1147 75463716
635 890 855350784
635 1071 230455572
635 1041 43508670
635 977 608967957
635 1309 898318348
1836 1935 574135654
635 1004 395928034
635 1252 830455926
635 984 40864299
635 991 575564699
635 1012 984257870
635 840 537934076
635 977 579701629
635 1174 602917792
1836 2122 744028492
635 904 342259964
635 646 524090958
635 1040 163535454
635 761 1971114
635 679 430937711
635 1051 777877848
635 981 670043649
635 1194 313664294
635 929 810304813
635 1205 694279015
635 943 683329131
635 703 721199874
635 949 290848837
635 1174 331602480
635 852 937953224
635 651 608847315
635 1267 429905490
635 1008 894753424
635 1209 14933680
635 733 711537580
635 773 846411708
635 810 557486678
635 1306 642636323
635 1013 737044670
635 664 107874
635 671 543414777
635 1229 991390759
635 1022 882723629
635 1109 108471607
635 832 481085186
635 791 223338598
1836 1890 843549775
635 989 585455877
635 1156 585327184
635 1175 895834130
635 657 910912291
635 1196 824850308
635 640 792204823
635 787 713454494
635 1269 864645555
1836 2317 833249352
635 851 254243474
635 879 291840847
635 665 319150531
635 1111 846041884
635 708 437807388
635 907 766737044
635 897 411782743
635 1025 129713957
635 1073 9716715
635 910 385180944
635 1256 708375419
635 794 730149111
635 1142 571055888
1836 2083 763836096
635 992 455121800
635 1181 74811858
635 947 836095750
635 1114 416063719
635 928 743752815
635 898 444145425
635 837 918501641
635 714 476727462
635 1014 139628566
1836 2267 480606991
635 789 753815541
635 648 910230038
635 932 468526253
635 1152 527755628
635 1330 936339411
635 1266 994610310
635 1267 859564980
635 998 124182631
635 794 352165075
635 782 359855789
635 1237 921801502
635 1024 805426700
1836 2467 576591910
635 1232 497537341
635 788 133072623
635 664 183665258
635 1133 652201853
635 740 614088790
635 720 462441889
635 914 339668191
635 673 330820736
635 994 346327175
635 763 979391029
635 1070 480107564
635 1256 827217103
635 654 812163127
635 934 577303148
635 783 350179481
635 1128 775077806
635 764 490864820
635 773 653492113
635 898 443946084
635 1233 116761854
635 1131 190390206
1836 2252 736626172
635 1081 87371276
635 801 596716382
635 690 835812209
635 1327 229897031
635 751 640125761
635 1172 1543689
635 703 140471799
635 1028 69657186
635 1297 785835563
635 1041 442465445
635 1175 828731196
635 1194 919035793
1836 2460 774952623
635 790 943951715
635 1049 389986890
635 997 893293170
635 681 460228422
635 768 90389267
635 1091 99328456
635 1183 467541400
635 771 537234446
635 775 582604611
635 1053 472216786
635 876 207214280
635 658 365649332
635 662 865514420
635 1191 708420914
635 1283 602755730
635 945 925820132
635 806 534839306
635 1260 514220134
635 1344 940814980
635 892 728365571
635 1180 680518359
635 1242 804531332
635 642 961327003
635 664 911073038
635 1003 334664356
1836 2057 928565166
635 801 353755045
1836 1903 914310895
635 1276 527044372
635 1110 119676150
635 1129 43795663
635 793 429892554
635 847 330091868
635 717 614914227
635 1306 70231834
635 655 609232519
635 753 31941954
635 1253 419678494
635 1169 227958263
635 812 15074067
635 1169 476480671
635 1276 362447485
635 1258 990604485
635 1120 515098634
635 775 582913595
635 686 122850466
635 1268 681112787
1836 1900 830104438
635 1260 479955776
635 660 463017129
635 665 465693127
635 1005 555202880
635 660 331579589
635 1223 110393406
635 663 90426919
635 1055 719850364
635 1245 378487020
1836 2215 994310443
635 1341 85378341
635 1020 201269438
635 1086 594408239
635 884 876714595
635 1141 601267022
635 876 745401742
635 1103 986069330
635 987 211930706
635 1309 677229377
635 1316 165907797
635 1269 353914171
1836 2237 814087035
635 663 187007102
635 948 686108431
635 681 213636528
635 1273 347874095
635 666 665321409
635 1111 211339276
635 1228 345233081
635 1200 675892394
635 1109 163801946
635 1319 817156266
635 956 827881709
635 1210 623634919
635 676 295204528
635 1211 330376154
635 637 2180855
635 730 391858363
635 1182 566006280
635 709 119234203
635 1254 62950227
635 818 420373959
635 1046 163070131
635 1119 629472582
635 1244 335567004
635 754 519123845
635 795 415514276
635 899 33001909
635 672 333805573
635 1072 228145662
635 882 113067910
635 1298 779882710
635 914 213243379
635 712 336841097
635 1243 832494497
635 966 591166533
635 1064 965287164
635 873 458896035
635 1084 227123927
635 1294 376536433
635 1112 723173744
635 997 535489599
635 671 511196640
635 1238 963886638
635 745 723544950
635 1301 368431236
635 644 695943913
635 833 414056811
635 1229 755338311
635 730 146102095
635 770 920685538
635 787 66365829
1836 2281 836464061
635 833 133203969
635 1178 113118686
635 1019 59925658
635 1019 572080720
635 1300 594619596
635 1335 339884578
635 1049 975035396
635 664 528779568
635 934 338735615
635 1010 613150143
635 888 806408995
635 946 282484
635 1084 689433153
635 1216 516146706
635 875 951880426
635 942 780421227
635 646 836558522
635 948 18027600
635 716 149882064
635 1106 143856192
635 1244 45179560
635 733 779380959
635 1184 649585443
635 1171 563651855
635 1328 168190833
635 1223 653961711
635 1219 803893137
635 1025 6295731
635 1325 513256994
1836 1883 913023878
635 727 188481814
635 653 467212634
635 672 85649221
635 1270 527738250
635 1298 714600624
635 887 786943150
635 657 298784649
635 1302 736412983
635 1338 461810894
635 931 906770658
635 1247 728613183
635 1102 50381786
635 1170 553926531
635 1017 682466428
635 734 396314140
635 971 880299206
635 903 277552089
635 1163 756556446
635 989 856102380
635 757 60648816
635 706 998290418
635 1096 110318798
635 1297 411517882
635 710 234796132
635 1279 979542021
635 1327 114154553
635 1269 107714714
635 638 894963572
635 1023 961626670
635 862 555510068
635 919 495674471
635 1019 64809872
635 817 939076895
1836 2296 715967859
635 1117 921473405
635 1297 265364046
635 1192 32163549
635 1017 959194976
635 852 327353519
635 1020 228287119
635 636 661509472
635 948 460173841
635 836 678572944
635 874 493235859
1836 2217 421238217
635 1343 437436881
635 1216 398601798
635 700 752356623
635 1345 767942990
635 965 567078116
635 642 225756717
635 1075 550693586
635 1034 781751137
635 1193 884083747
635 744 15514704
635 1126 556188084
635 726 910468019
635 1147 387789105
635 797 689279354
635 908 557598331
635 1273 65469362
635 1265 397466114
635 926 356365620
635 1194 938090422
635 1225 326152925
635 711 299420159
635 1196 871662250
635 1106 519718307
635 901 189751233
635 1242 249280130
635 1219 226669965
635 689 797756202
635 953 719020972
635 1185 988424771
635 1230 296671752
635 1316 219774629
635 1282 814124311
635 1318 525759800
635 1016 645947296
635 636 150098070
635 936 280839071
635 1174 349488992
635 1341 601592853
635 767 765371540
635 931 21191680
635 986 639622340
635 739 294171271
635 809 107387170
635 977 357920940
635 977 782207753
635 811 584913503
635 1124 527267875
635 667 335523216
635 1062 602871590
635 1161 246612886
635 1343 382489356
635 1029 58121650
635 707 682373327
635 970 385483261
635 672 559537683
635 833 326499096
635 1110 15481409
635 740 332981461
635 1095 718626917
635 709 906712348
635 1098 109175738
635 1233 586041749
635 1050 859792288
635 1224 347415582
635 1326 616038679
635 808 268787239
635 855 157350649
635 1146 991676513
635 1340 892708137
635 703 956180788
635 931 422746482
635 1256 341890132
635 663 533787502
635 977 34584009
635 795 233700982
1836 1872 507741112
635 1205 673478565
635 662 614765789
635 667 600247681
635 846 910067153
635 968 930908562
635 1233 808730932
635 1309 114344075
635 1206 728062857
635 695 508419796
635 1159 934094962
635 1183 671171968
635 1294 22581348
635 1204 348915415
635 1229 180838678
635 937 414257392
635 1039 150685675
635 1188 194428427
635 1343 56295425
1836 2101 942194272
635 642 526836264
635 1348 388333487
635 1256 945091691
635 1344 650830111
635 1146 226583571
635 1321 722933574
635 932 485411806
635 946 921973011
635 971 576438840
635 839 54593304
635 993 92119223
635 888 637093780
635 827 551514281
635 647 320790413
635 1304 458172161
635 885 115323793
635 653 227558426
635 1153 279078017
635 635 228528271
635 656 486833567
635 635 500339521
635 917 975202944
635 871 770308921
635 1231 24657031
635 1209 700460392
635 827 281461401
635 1064 941887268
635 1267 897690222
635 986 510758460
635 799 930608086
635 1308 337892830
635 757 332908187
635 1048 666733244
635 978 683061570
1836 2302 206624651
635 1207 563026017
635 1164 350251889
635 1284 138780504
635 857 249535812
635 656 653714292
635 1346 63603132
635 1178 102683587
635 730 354390851
635 754 741904313
635 1256 709085480
635 1041 1010248
635 850 765411096
635 1298 409092315
635 1077 20508151
635 891 626345876
635 917 157024033
635 768 257681705
635 1023 513689919
635 1333 942972655
635 1236 595850308
635 1011 808022476
635 867 540769971
635 1206 948571358
635 1307 679705061
635 1193 266503139
635 1212 30929693
635 639 269335684
635 1332 727460070
635 915 193640383
635 702 841510017
635 781 307091318
635 886 68273247
635 1264 933069141
635 950 488242514
635 1154 902432205
635 1182 2756946
635 800 467622270
635 664 932319089
635 1211 391538980
635 961 616420307
635 665 230878938
635 1195 334876796
635 721 163870835
635 752 1165640
635 681 305461203
635 1288 519673027
635 691 262359115
635 1220 330109607
635 949 526646176
635 946 808835156
635 990 260980282
635 750 666283814
635 753 465052980
635 669 866995323
635 889 899664450
635 1115 497054909
635 696 497256202
635 780 657955248
635 767 602734720
635 690 637017977
635 1261 321328702
635 1047 396125973
635 1320 979468623
635 641 869405307
635 946 894248557
635 804 28429313
635 1213 252501033
635 1020 447666816
1836 1847 957490983
635 1339 880313425
635 1168 111547236
635 852 73781668
635 687 358544615
635 765 403010807
635 957 280270480
635 1032 83858569
635 1034 601842738
635 660 880554923
635 1198 178795860
635 1069 333953133
635 931 946165886
635 921 287250477
635 815 66508673
635 933 560925961
635 724 471579721
635 1275 263503768
635 880 997604177
635 1001 213452064
635 1342 19613625
635 1307 779805
635 1038 306557544
635 791 866707299
635 673 471058896
1836 2386 838657711
635 1332 513086670
635 657 642918598
635 1060 994414390
635 819 12237338
635 756 281457526
635 799 681512279
635 759 742293156
635 1075 478933274
635 668 539122186
635 1263 593156587
635 1266 92727687
635 1287 157009802
635 1204 149670519
635 870 297559047
635 914 597859269
635 1117 258110172
1836 1925 342805709
635 1174 977665228
635 1091 696979319
635 700 274725161
635 982 596048486
635 715 666524903
635 1285 710092400
635 641 449323762
635 1132 111187913
635 1271 926855776
1836 1895 568969579
635 780 128303874
635 1098 73912564
635 892 921528267
635 1023 926976486
635 1031 120339333
635 981 555976714
1836 2021 8383634
635 948 790611149
635 1146 875246497
635 775 657019660
635 728 700578453
635 926 956547080
635 1251 656414306
635 1046 181944477
1836 1884 814703017
635 1206 743962500
635 807 464933200
635 1043 968852599
635 943 153382958
635 692 205786838
1836 1956 597570421
635 958 207406729
635 1335 238011044
635 1127 710118743
635 850 794585151
635 1254 643869398
635 1295 212141370
635 1252 397379943
635 1231 383689048
635 642 123361987
635 1330 264342101
635 819 993361919
635 1247 619680455
635 1117 22982202
635 777 100710398
635 1183 586330204
635 799 575876522
635 1133 549659639
635 915 634513080
635 1210 614487449
635 1117 727242031
635 1310 110834292
635 1265 780491562
635 1138 48050907
635 773 11158392
635 996 764045848
635 714 548976894
635 1099 574811062
635 892 27686035
635 814 169959046
635 1104 106988964
635 738 967494265
635 1151 519393107
635 1180 674537948
635 821 925232270
635 730 748826622
635 803 707471939
635 1325 240461365
635 1058 848617206
635 950 245799629
635 678 95939590
635 1340 634053058
635 1230 341670083
635 708 711447920
635 1164 657730326
635 644 439553503
1836 2153 158871086
635 956 155061795
635 788 375105754
635 657 464114246
635 704 220652297
1836 2459 992094349
635 1024 758677189
635 710 97085266
635 1346 549173190
635 651 635087253
635 747 565107178
635 664 578824749
635 981 558727212
635 901 884745571
635 658 908098267
1836 2308 513106917
635 1176 641036289
635 1037 588196349
635 872 976096137
635 1086 856080321
635 1263 507480256
635 1237 194188325
635 926 558630436
635 1058 101372380
635 780 565890407
635 1235 370691754
635 812 720008878
635 743 154350950
635 1120 342204214
635 777 649352662
635 1254 728340218
635 711 601853066
635 953 256115437
635 1311 64112525
635 787 329701801
635 642 400364297
635 1022 770886068
635 1339 107636190
635 646 406193777
635 964 899803531
635 1320 117075844
635 674 234684758
635 819 158386757
635 1328 81202390
635 1154 466254130
635 1309 226196372
635 1300 206593353
635 1194 959277163
635 760 468882213
635 865 586411461
635 703 119363135
635 1060 527837284
635 704 255172387
635 796 771901175
635 800 913411355
635 758 955822660
635 671 605845228
635 1339 948878045
635 1252 880611626
635 677 107167524
635 1140 728116357
635 954 187796425
635 1107 542375285
635 821 6090464
635 828 950265464
635 656 98711923
635 910 686154522
1836 2027 88232986
635 1054 603411980
635 770 378879232
635 1320 420262838
635 907 646309970
635 1156 758770663
635 1195 901242260
635 971 839223900
635 1207 783316420
635 1028 591963187
635 1248 309275315
635 872 69818045
635 703 630534670
635 650 830786889
635 1228 625694314
635 949 36136901
635 917 138507183
635 1006 412191217
1836 2270 352347647
635 783 118626768
635 807 363379028
635 1195 672739272
635 664 250398951
635 762 653276376
635 1100 235390707
635 848 371496366
635 863 308633598
635 728 18031447
635 1020 719632615
1836 2256 957736455
635 869 989942310
635 1010 30666191
635 802 962229102
635 1262 230682285
635 907 237352633
635 952 143809658
635 1067 808380446
635 732 473766338
635 755 828781751
635 858 388934957
635 751 149098714
635 1189 403903805
635 991 677804675
635 1149 144893062
635 1121 73579527
635 1167 657198320
635 932 65503173
635 1113 862990260
635 1117 805724440
635 961 337012872
635 1259 161884731
635 1309 125107237
635 965 95086536
635 1219 233417304
635 1087 534551573
635 707 127810570
635 1003 243233351
635 1068 406207285
635 1197 603322143
635 818 819948976
635 1036 63409644
1836 2466 242038677
635 978 967528122
635 1041 577293328
635 689 955756755
635 992 557301698
635 1084 281512154
635 645 486559707
635 1141 768112535
635 1112 4767265
635 876 176853495
635 1001 333115571
635 1286 106337487
635 996 634472672
635 654 274043046
635 1303 779950544
635 730 414653394
635 939 584631330
635 1140 514649425
635 785 609508968
635 772 185895226
635 846 820246351
635 1036 55561504
635 948 143281798
635 704 766070823
635 1081 141364546
635 1204 855818145
635 776 345573369
635 951 937935
635 740 399491564
635 865 745050442
635 712 180653401
635 1081 470433387
635 780 537953185
635 984 752375849
635 765 197504561
635 1312 944249365
635 1218 601365921
635 1168 14186388
635 1116 516096691
635 1153 224045468
635 1319 246310781
635 656 362891433
635 665 715277119
635 1137 119595104
635 1261 297009311
635 1084 247646462
635 1061 141714362
635 891 237046147
635 988 339151926
635 1175 553064933
635 1128 969647910
635 1051 947919680
635 1290 490427827
635 897 150038292
635 891 300133656
635 710 473633354
635 844 410147944
635 768 723372668
635 947 522134693
635 1021 460689431
635 937 468378047
635 948 909527061
635 1327 67408546
635 898 404695984
635 922 482143819
635 868 948256854
635 1253 943888805
635 1185 216303190
635 673 892303632
635 1067 84620055
635 961 139092127
635 1006 991419236
635 1239 785464789
635 1232 503869004
635 1087 255992808
635 725 522996228
1836 2381 905035453
635 1151 69761545
635 946 180094632
635 1306 425599915
635 659 724222446
635 889 221367336
635 1313 818166628
635 814 746072183
635 987 9123149
635 678 949278820
635 988 30042755
635 701 933829865
635 939 404237342
635 1000 893349860
635 1115 176510277
635 1194 925629657
635 1221 392938092
635 983 172039462
635 1342 244279114
635 1327 294092851
635 672 501899202
635 1271 907275139
635 824 880863804
635 1272 716744395
635 1075 133226720
635 759 190263320
635 868 181239925
635 816 34732928
635 907 233578349
635 1082 984368211
635 1340 577289293
635 820 979073062
635 1131 38267703
635 656 777380946
635 1041 469549848
635 1144 949610674
635 1080 743554201
635 1330 203782789
635 1024 233714761
635 871 29104863
1836 1895 748240519
635 778 962900869
635 1294 780246754
635 1032 688517173
635 666 862710105
635 997 453850002
635 793 209150481
635 1329 41083741
635 829 204241450
635 1126 515747570
635 1200 615896024
635 945 91178702
635 708 267187978
635 647 594059409
635 1127 418135944
635 1144 71798783
635 636 309620098
635 807 356574686
635 1316 221984784
635 799 613613471
635 1100 139818514

