34 35 25
11111111111111100000011111111111111
11111111111111111111111111111110011
11111111111111111111111100000001111
11111111111111111111111100000000111
11110000000000000000000000011111111
11111111111111000000000011111111111
11111111111111111000000000000111111
11111111111000000001111111111111111
11111111111111111111111110000111111
11111111111111111111100000000000000
11111111111111111000000001111111111
11111111111100111111111111111111111
11111111111111111111111100000011111
11111111111111111111000000011111111
11111111111111111111111111100111111
11111111111111111111111111100000011
11111111111111111111111111111111011
11111111111111111011111111111111111
10000000000000001111111111111111111
11111100011111111111111111111111111
00000000000111111111111111111111111
11111111110000000111111111111111111
11111111111111111111110111111111111
11100000000000111111111111111111111
11111111111111111111111101111111111
11000000000111111111111111111111111
11111111111100011111111111111111111
11111111111000000000111111111111111
11111111111111000000000000000111111
11111111111111101111111111111111111
11111111111111000000000001111111111
11110000011111111111111111111111111
11111111111111111111111111111111011
11111111111111111100000000000000011

