37 31 32
1111111111111111110000000000011
1111111111111111111111110000001
1111111111111111111111110000011
1111111111111111111111111000000
1111111110000000000001111111111
1111111111111111111111111000111
1111111111111111111111101111111
1111111111111111111111100001111
1111111111111111111111110000001
1111111111111111111111111111000
1111111111111111111111101111111
1111111111111111000000000000011
1111111111111111111111110111111
1111111111111111111111111111000
1111111111111111111111111000000
1111111111011111111111111111111
1111111111110000011111111111111
1111111111100001111111111111111
1111111111000000111111111111111
1111111111111111110111111111111
1011111111111111111111111111111
0000000000000001111111111111111
1111111111111111111110011111111
1100001111111111111111111111111
1111111111111100111111111111111
1111111111100000000000011111111
1111000000000111111111111111111
1111111111111110000000000011111
1111111111111111111110000000111
1111111111111111111111100000011
1111111111111111111100000000001
1111111111111000000000001111111
1111111111111111111111111111110
1111111111111111111111111111111
1111111111111111111111111111000
1111111111111111100000000000000
1111110000000000000000000000000

