10 1000000007 1000000000
1 1 2 3 5 8 13 21 34 55 

10 1000000007 -1000000000
1 1 2 3 5 8 13 21 34 55 

15 1000000007 1000000000
1 1 1 2 3 4 6 9 13 19 28 41 60 88 129 

15 1000000007 1000000000
1 5 16 45 121 320 841 2205 5776 15125 39601 103680 271441 710645 1860496 

100 1000000007 1000000000
1 3 8 21 55 144 377 987 2584 6765 17700 46334 121279 317445 830905 2174875 5692686 14900476 39001655 102085935 267207575 699409740 830688964 791786416 542391172 829421595 930259031 920484695 724216671 972151873 459310206 487354784 981322791 313132385 555313435 304369167 658068269 731202256 712797164 645652791 772657337 341425642 483819032 189028628 452038485 189962906 322923732 583749029 965781236 784848428 414554980 416113729 804677487 90165800 224695311 501783099 711446849 980025463 36627548 343753917 19113841 1967085 555086202 972976482 418794251 713415864 448792376 824876936 360026843 652555132 182620960 122594646 354663453 855118383 58812435 444346953 614596451 596884883 590335690 462596239 219615026 712969571 396962167 802565428 151066462 554880954 213884288 769680500 675388002 731639746 334329493 481545823 463792990 672944999 696443997 780310141 51460573 570153936 331358650 691458992 

