10 0 100
2 3 5 7 11 13 17 19 23 29 

10 0 100000000
2 3 5 7 11 13 17 19 23 29 

10 998244353 233333
748683265 443664157 319438193 692659347 24749860 572956818 701188940 268226322 139640987 16617623 

100 0 233333
2 3 3 3 5 3 3 5 3 3 5 3 5 7 3 3 5 7 3 5 3 3 5 3 5 7 3 5 7 3 3 5 7 3 5 3 3 5 7 3 5 3 5 7 3 5 7 19 3 5 3 3 5 3 3 5 3 5 7 13 11 13 19 3 5 3 5 7 3 3 5 7 11 11 3 3 5 7 3 5 7 3 5 3 5 7 3 5 7 3 3 5 7 11 11 3 3 5 3 3 

100 0 233333
1 2 2 2 9 11 5 12 18 3 17 34 19 40 22 10 7 17 60 32 7 18 65 26 66 35 42 65 94 49 41 86 54 45 132 21 17 133 30 13 131 125 40 136 162 13 9 79 139 142 32 23 191 172 243 155 118 257 108 89 116 52 39 277 183 293 84 114 171 5 179 5 181 247 283 126 96 56 66 363 269 344 296 366 31 170 160 161 259 427 272 151 199 444 478 131 21 420 280 211 

