25 1000000007 1000000
1 1 2 3 7 22 155 3411 528706 803416160 941315571 107150409 724682111 45083512 418755335 38383794 402527065 834231006 26573499 648530943 244643406 681300140 591147746 291241168 800441423 

25 1000000007 1000000
1 2 9 44 265 1854 14833 133496 1334961 14684570 176214841 290792918 71100825 66512367 64197866 91363714 644546846 246389989 927799753 483794679 643482869 800105888 202541180 63529464 651766058 

25 1000000007 1000000
1 2 500000005 666666674 875000008 400000006 687500007 457142864 648437507 63492068 613281257 705627715 81054691 759906770 872558603 143900550 114593510 564129997 232070928 14873677 43674473 348915283 909296046 190172468 197183376 

100 0 1000000
0 1 2 1 2 5 5 2 5 6 4 5 0 1 2 5 9 10 6 17 17 4 17 2 5 0 1 2 5 26 26 5 26 31 17 2 5 26 14 37 17 38 26 17 20 33 9 34 30 1 2 5 26 29 17 10 44 23 58 5 26 57 37 26 27 4 17 18 49 22 59 26 20 31 62 45 24 31 14 37 74 65 76 65 61 24 55 34 0 1 2 5 26 19 77 74 45 66 1 2 

1000 0 1000000
1 1 1 3 4 3 6 5 5 6 8 7 7 8 10 10 11 10 13 13 14 14 15 14 17 15 17 17 18 20 18 22 19 21 21 22 23 23 24 26 26 27 26 29 27 29 29 30 29 32 29 34 32 32 33 37 34 37 36 38 38 39 39 40 39 42 40 42 42 43 45 45 46 45 48 46 48 48 49 51 52 48 53 52 51 57 53 56 52 56 54 60 55 61 57 62 58 61 61 62 62 63 64 64 65 67 67 68 67 70 68 70 70 71 70 73 71 73 73 74 76 76 77 76 79 77 79 79 80 79 82 84 81 82 87 83 84 86 82 92 81 90 87 91 91 92 87 95 92 90 95 95 96 92 95 99 96 96 97 102 98 101 101 102 102 103 103 104 105 105 106 105 108 106 108 108 109 111 111 112 111 114 112 114 114 115 117 117 118 117 120 118 120 120 121 120 123 121 123 123 124 126 126 127 126 129 127 129 129 130 132 128 134 132 131 134 135 131 137 136 138 136 140 132 141 145 136 145 138 144 140 140 141 153 139 154 145 147 152 145 150 152 148 149 153 150 157 152 154 158 155 157 157 158 159 159 160 156 160 158 165 160 161 166 162 165 165 166 166 167 168 168 169 169 170 171 171 172 174 174 175 174 177 175 177 177 178 177 180 178 180 180 181 183 183 184 183 186 184 186 186 187 186 189 187 189 189 190 192 192 193 192 195 193 195 195 196 198 198 199 198 201 199 201 201 202 201 204 202 204 204 205 207 207 208 207 210 208 210 210 211 210 213 210 215 215 216 214 217 215 220 216 219 217 220 220 221 220 223 220 225 221 225 223 225 225 226 223 229 232 231 232 233 233 234 223 237 233 238 233 240 237 238 237 240 241 237 243 241 240 246 242 241 244 246 246 247 241 249 246 251 247 246 254 247 249 253 251 254 252 254 254 255 255 256 257 257 258 263 259 261 257 263 263 264 260 269 262 269 264 265 270 266 269 269 270 270 271 271 272 273 273 274 275 275 276 276 277 278 278 279 278 281 279 281 281 282 284 284 285 284 287 285 287 287 288 290 290 291 290 293 291 293 293 294 293 296 294 296 296 297 299 299 300 299 302 300 302 302 303 305 305 306 305 308 306 308 308 309 308 311 309 311 311 312 314 314 315 314 317 315 317 317 318 317 320 318 320 320 321 323 323 324 323 326 324 326 326 327 329 329 330 329 332 330 332 332 333 332 335 333 335 335 336 338 338 339 338 341 339 341 341 342 344 345 341 346 343 346 345 346 347 347 348 351 346 352 352 353 351 351 352 357 353 356 356 357 357 358 360 361 357 362 363 360 366 362 367 363 365 366 367 367 368 372 364 374 365 374 367 375 368 380 371 374 373 374 375 375 376 388 369 384 377 378 383 379 380 386 379 383 384 386 383 387 389 386 387 392 388 388 389 392 392 393 395 391 392 397 393 400 396 397 397 398 405 400 402 402 403 405 405 406 405 408 405 410 406 410 408 410 410 411 410 413 411 413 413 414 415 415 416 416 417 418 418 419 415 423 417 424 419 420 425 421 425 423 425 425 426 431 427 424 431 430 432 427 429 430 436 431 437 433 438 434 437 437 438 438 439 440 440 441 441 442 443 443 444 444 445 446 446 447 448 448 449 449 450 451 451 452 454 454 455 454 457 455 457 457 458 457 460 458 460 460 461 463 463 464 463 466 464 466 466 467 466 469 467 469 469 470 472 472 473 472 475 473 475 475 476 478 478 479 478 481 479 481 481 482 481 484 482 484 484 485 487 487 488 487 490 488 490 490 491 490 493 491 493 493 494 496 496 497 496 499 497 499 499 500 502 502 503 502 505 503 505 505 506 505 508 506 508 508 509 511 511 512 511 514 512 514 514 515 517 517 518 517 520 518 520 520 521 520 523 521 523 523 524 526 526 527 526 529 527 529 529 530 529 532 530 532 532 533 535 535 536 535 538 536 538 538 539 541 541 542 541 544 542 544 544 545 544 547 545 547 547 548 550 550 551 550 553 551 553 553 554 553 556 558 557 555 557 557 558 562 559 561 562 562 563 564 564 565 563 568 564 569 565 568 568 569 569 570 573 568 574 574 575 573 573 574 579 575 578 578 579 579 580 579 582 584 579 585 584 582 589 584 585 589 587 589 589 590 589 592 589 594 590 594 592 594 594 595 592 598 601 592 601 594 602 603 592 606 601 600 609 602 610 603 600 614 605 609 609 610 610 611 600 622 606 618 612 624 611 607 622 613 614 622 616 

