100 0 2333333
6 12 18 25 31 37 43 50 56 62 69 75 81 87 94 100 106 113 119 125 131 138 144 150 157 163 169 175 182 188 194 201 207 213 219 226 232 238 245 251 257 263 270 276 282 289 295 301 307 314 320 326 333 339 345 351 358 364 370 376 383 389 395 402 408 414 420 427 433 439 446 452 458 464 471 477 483 490 496 502 508 515 521 527 534 540 546 552 559 565 571 578 584 590 596 603 609 615 622 628 

20 0 30
2 7 20 54 148 403 1096 2980 8103 22026 59874 162754 442413 1202604 3269017 8886110 24154952 65659969 178482300 485165195 

100 0 2333333
3 12 28 50 78 113 153 201 254 314 380 452 530 615 706 804 907 1017 1134 1256 1385 1520 1661 1809 1963 2123 2290 2463 2642 2827 3019 3216 3421 3631 3848 4071 4300 4536 4778 5026 5281 5541 5808 6082 6361 6647 6939 7238 7542 7853 8171 8494 8824 9160 9503 9852 10207 10568 10935 11309 11689 12076 12468 12867 13273 13684 14102 14526 14957 15393 15836 16286 16741 17203 17671 18145 18626 19113 19606 20106 20611 21124 21642 22167 22698 23235 23778 24328 24884 25446 26015 26590 27171 27759 28352 28952 29559 30171 30790 31415 

30 0 23333
4 33 113 268 523 904 1436 2144 3053 4188 5575 7238 9202 11494 14137 17157 20579 24429 28730 33510 38792 44602 50965 57905 65449 73622 82447 91952 102160 113097 

30 0 2333
4 78 399 1263 3084 6395 11848 20212 32377 49348 72250 102328 140942 189575 249824 323407 412159 518035 643108 789568 959725 1156007 1380959 1637248 1927657 2255086 2622556 3033205 3490291 3997189 

