10 998244353 23333
1 5 32 288 3413 50069 873612 17650828 405071317 422627787 

10 500 233
4 15 40 85 156 259 400 85 320 111 

20 0 233
16 161 870 3127 8708 20421 42346 80075 140952 234313 371726 567231 837580 1202477 1684818 2310931 3110816 4118385 5371702 6913223 

1000 1000000007 2333333
121081 948979229 501758554 936617188 526409527 158806169 268901272 377165759 980096747 755849599 512146979 692298030 66300758 630514398 764047739 245834579 545101555 856961339 55578319 808677318 209806983 514376415 513117574 254497850 115155558 664007458 273091654 215099879 179457998 722008844 516911354 793861460 291596520 860577865 672143142 253593455 320643919 400896381 889966804 38120035 681216082 784483960 88566285 899576486 883314013 27955927 629169488 599979073 697987774 86426462 799695256 333526997 250157498 540017601 997035110 274912294 209477072 636173236 678103199 41185240 701514688 83384689 198186007 835986248 9541315 835544426 785562046 20982883 357115436 210574248 694907780 224520877 790981770 233564650 332536258 737247146 106069645 706896192 518786807 287369434 436624290 314079231 603970589 862190717 929376088 947212586 321753716 101104800 630423755 669284891 497521887 549026336 850558980 254520038 270947003 926875800 486360815 123684433 938294818 220310177 680816542 659909167 692331498 904660571 923773990 405118648 855391817 877687463 410599509 795807584 280282700 583309514 71307672 364116764 725319648 409508473 566935064 452269668 378912442 196654140 491383948 949959801 59396339 451266723 701045853 152223077 463042019 913136900 267212118 128957530 143183454 217440571 703307820 723780280 773536700 601471524 241452636 2511668 301297270 648440138 981103045 431308994 159375481 514261144 121089035 823562072 841501689 88288527 387671096 355635451 345648832 482760854 710757806 702785541 954058959 696865178 420072960 461367860 413468245 63687309 452620601 998656400 541237262 760306117 418196465 479755803 51277911 751995277 911518552 786919222 699481246 495451043 537289181 339787909 741726962 715235950 843846344 797668231 505698775 157824857 13889326 66785695 735598345 238176901 4071058 957231033 232341789 545896964 39262899 56072670 882960769 743777936 775668939 482818133 337206506 426536342 727078091 235728928 701203094 391301838 694874738 667042472 868458408 697321074 727738324 784692597 364073217 92902398 41696640 584028867 136029781 204820403 186520453 684294651 236709609 808174094 531848923 240958281 825337822 337334940 113660372 71802399 43740381 984731549 473312202 622512312 478406181 360369453 738226359 853133681 265915484 48233057 197735384 90166645 411284949 691380 847926887 963739337 381071802 559800685 748346488 400345030 131173686 664858949 308740935 987185581 685812977 123442992 623824127 445956250 301511968 243566917 617158599 459179780 249746327 163949335 801912805 65662938 922540158 306355987 605371194 428108742 203403141 911965325 339223057 135052911 434885420 616655177 31928206 114118370 80580930 762607631 997042749 39217376 341027474 554829744 766245635 526958660 817686981 175347386 307357765 247081913 34851395 287204721 65748524 377028843 962546013 392410842 514213384 966329410 739142844 135226478 893094590 609775775 672833581 811553373 824874578 547707197 286441729 942803613 781400820 164764029 340165254 848750303 394189113 174919591 991183119 512950223 364205039 614747845 328767207 184890597 930443758 373656032 25471209 255169827 789914331 754196378 152714619 841147629 535668339 231961221 991019200 791838329 981732639 821578317 129130864 688071832 124542855 595756795 473489991 372903548 307357096 758919306 884085069 988032387 530647506 904009869 82454380 892987822 669061644 705955191 183270563 739034421 171296642 424081251 776785785 773895789 295005596 772178207 52582898 245627968 694872193 252729023 799654644 918007378 874351279 857460760 788425247 503985045 745010275 164820186 699016635 836841629 920128882 580781581 58606487 764711959 852136986 752596939 177358907 68834560 510423634 437717252 782833032 113864670 635447273 477189800 510539948 883186747 2597112 690428438 838331876 541545808 610839487 775907262 359534222 234389997 118506412 163319438 116541579 589085069 28220419 192232015 675314472 23080068 866224955 540948285 529526174 995945276 969040840 521836172 788386759 578699729 996868208 462018492 894419388 578189582 593045121 98611118 450293552 75036948 753860163 418860359 288381574 308413045 887787415 981377854 348245486 924472413 315302207 224200423 250994473 321721298 983367189 604196167 788227437 802330038 476059754 730364436 726552817 326800977 873135152 913873513 857551851 181236328 761133162 315250430 989430087 129090835 98953352 496523575 996957265 329506369 221734892 329998479 73133453 631177079 117994502 95126282 301606999 117292965 779533411 19583635 33932026 273807657 130320410 814564332 384215941 858676348 471822933 707618094 201347913 675702689 541597490 327276700 191699825 353088420 611929226 390388867 381987326 452811564 833027496 818542560 389292564 337826073 971796534 148140168 981661056 284538437 145455323 733688936 383096045 566194210 72927428 827545499 408242735 748526138 536368700 244548627 444473834 494538686 288372920 839396405 313650360 818457466 190098640 214278063 381717692 344848877 756613101 803988 427719330 251581620 114407234 45501340 888869347 436522102 413430225 965412799 972293434 564812440 442598204 546571890 93128630 784169889 159989737 521499450 209056393 686303668 895035074 347842919 472422786 856766841 144872519 609114916 711588278 285706424 849342528 834699030 519926477 750402372 996324467 289650970 426233888 945999862 799346588 254316294 866216562 559537672 748081415 961951210 38591933 264246422 944740175 478576445 568861917 67337845 158919880 675248511 585269510 516297880 37229208 381228185 835418678 587085777 996101084 719518281 662127311 389529652 487440424 873586382 423700871 870069977 857548221 109259523 355040678 448796278 815116150 352472428 108020887 998223495 107371769 888130519 333709484 970943657 382091400 645233623 520695936 678080870 648132133 144938304 912887850 262579761 245569110 454616063 82612602 276362682 86909482 447698890 132795326 448747891 580527134 509093524 251328611 476657000 722377027 588599420 171577079 581339277 173717843 620962213 793351115 883301909 650612133 307744529 732659635 781222240 743572325 899602115 70908006 385392472 689783497 160251097 153469300 692112730 133006108 830694302 304793733 636857123 408365882 450226741 499482401 842364132 451012220 231551122 978990111 740521755 202291077 329449243 528725188 809311019 783498256 390149371 615539036 873314924 540533445 196940964 174369829 553508521 53140882 599981280 675306101 565654821 80131739 517909794 418773912 648431051 765780481 813802179 386792194 281452703 103346223 315961926 568808572 570716578 175407618 53336257 335940909 823648325 722866969 311757630 231494940 355175598 736912351 411861329 74222347 939452455 130032525 139769786 558647757 132515831 371102482 349028813 827153031 818941326 852790063 318184173 547210822 722168803 50873825 125021691 966275412 30700340 889834265 750475861 890145081 152928220 38300170 431418544 188209200 313285560 184850951 379997860 644358563 482320550 622497648 365737915 422883236 99898821 148276093 898264632 961391556 647774791 325310114 120171459 987255705 319564184 304533606 59896291 27477054 414918587 135105218 353994460 626193136 669914021 166282971 136502330 42010306 4824517 723560756 462574728 65163022 298208906 817694473 261238030 536655381 211892242 616361780 367625615 714710907 626507591 295692524 196851510 202024071 638514109 303902025 586696449 48921280 826043979 327339019 820730434 495009501 375383800 607176276 756789036 140121636 420576332 65762863 581759160 751152681 659034759 830733221 172275358 605485215 238040853 110666054 492012887 929414459 927451847 530515047 649431858 367637375 664635505 352526490 270726467 900118724 160201427 978230999 949960702 259257642 253370246 488328715 566376442 785074870 35660587 595040395 173489079 577599406 258953915 799423771 980541250 859692864 593213886 562532935 871009855 990982490 356482550 582953539 54717563 791944987 785270915 712995626 781456421 413305593 940171468 858121298 272323852 772251254 246551318 417048944 252465017 694741715 749065578 45756895 526804073 541679855 810025623 175140756 585110344 276537944 127263221 322566582 949364577 63678850 369911641 137533054 326856612 322560825 343467499 366902035 231384845 120443230 326062153 913785133 928247172 232617818 567063860 622864343 818496121 156352260 682555055 23875646 851138677 340485080 611580207 199805605 326811261 973117886 580771051 403046727 757838898 444891435 79111753 252361116 913704233 872235142 417058487 609855163 321518534 870033693 675680214 665089042 556056263 141907180 891378442 574691956 251087141 211841621 971267432 353525625 235365907 328387195 123702644 94539038 959065263 145801755 916135943 237360046 549012289 767981347 543688001 406052411 469547358 536381221 986289369 671279263 316449743 628561108 67629697 945294368 715434139 444045755 106441517 173065293 633404365 270251624 983548521 849856045 158973133 936820421 579014544 354990325 11489543 842996897 920805283 267439546 991687805 520613186 406801195 938014014 99746179 592929553 350803273 657210865 667207247 942016069 590208782 534180526 187199139 884021093 518386923 272419201 917858840 822395305 338531998 901988834 950966484 173184637 940176942 344133271 670059211 946062009 27488165 493624274 136973108 423656554 866385351 246781895 733252529 532237572 789172691 783617955 632979034 94654210 853609949 131336460 561416506 499397260 553438289 654430669 160887961 378503969 979826309 162255996 152426270 623904908 68285840 291055658 600193509 315551592 812442872 672530375 575831169 721277757 309630487 324093852 29409551 369939337 255304082 926085936 826848805 665036707 36977495 604021804 509066239 121407003 946440650 638773184 864172233 164791922 717435908 700818457 245504501 424258007 214063971 601928856 165813542 953966744 216020088 453975873 362139735 771939219 174320774 487936022 215889626 35571213 407899046 769567205 40748717 384813866 536863983 501986312 874397225 653320863 505282422 445308740 699362244 752748253 747127876 

1000 998244353 2333333
23334 499145511 831893629 582332541 183034800 349408859 206802523 82021979 525686136 825159442 99163549 681472755 143956565 72653397 937798503 875408231 816687975 539397877 644476230 794212883 413929320 550053550 767063192 59973442 379411635 110653540 591289710 555638126 39304840 471877393 600683116 569487980 327489349 298129221 668905695 530260646 773076840 326493840 812818012 388564162 485953855 794934250 307419566 375481681 663863383 772368204 963521378 609976503 304391497 963232770 278163116 642906245 473393053 713711138 768160830 750335038 452613038 194446395 921980415 639144515 295486623 859011661 66754238 51156670 941897785 321776293 753852207 739172143 146012455 331400692 36145320 465944972 848833217 970241314 743972594 520681094 416967395 660129481 66237271 852354699 679818638 229391308 289526510 943138884 332448221 88690879 582076019 116984900 509552904 653743755 719562064 274692298 317627539 413204126 234570926 556920665 258476477 105683974 690513999 520812459 412092777 69557950 108324721 789818462 913410620 828654024 632736908 253773774 876531719 903756565 319199061 310286165 460464519 311603519 554654318 924693173 421304995 785072005 776683397 635265447 660015307 488186361 520649592 802412111 666650879 769644344 93667853 85869069 256112292 202360673 126158814 814342421 544140942 760178899 856306133 848966101 127607043 829271552 685639271 279211213 10180820 860797487 267435459 482335285 778366369 470688315 701574764 263156636 705331987 592197627 916131225 804485475 243380806 690646133 516758407 638339450 593831740 296885635 905877473 300691834 902118556 316728349 518826899 293613234 644511249 674578850 112692807 439498994 14211459 207988304 441495755 319617084 279225694 525918264 1126947 267703564 510214904 706498906 823611372 396584621 589615297 123402275 341597762 119162879 567023859 89369303 810026991 358693108 427355418 338038818 128982409 789279455 711695697 562473603 859387308 283868880 5171218 796708407 636186702 551335932 362613119 308253278 234491380 562346143 382175211 900680773 702960877 544585571 191140202 252936281 990974760 948596462 517429887 419471329 920915004 731433437 179408910 989910059 119295121 132907544 512330737 220051985 748270970 743814522 2895380 77984557 464969152 390538652 747988595 370391818 335820585 21717836 865727010 614032921 53316944 235200449 37236379 33042075 87339885 16630910 62539 12437469 620421684 534507211 872687951 389797390 781820476 423579559 776372744 708492128 326693491 877312400 715541576 876675507 340363835 336464443 379190855 963434643 285090990 757337357 256302835 717324082 637616358 482585985 249034476 613055913 78415679 685556834 611337923 659401540 666768657 663098641 19541842 657106666 867645475 719355553 640072608 69134291 83446038 878476362 377577950 742184930 311846375 238032532 178488132 880051471 608751612 716201525 419146112 567161654 467680258 313841231 20841182 635406583 780913387 561704323 423899547 145865046 469710204 413143024 200891733 362858532 326618638 270795763 2415314 220985156 100675576 823430416 836352673 749408810 787926277 349594622 387865971 365612116 406809502 757458626 892867166 199118732 242928829 439458186 41404363 342117724 759340596 965767669 145671539 246720814 121558678 508074022 250168946 924740130 834264811 350176435 820820169 40754971 526467895 190748812 996453453 284687509 667495078 265261324 821467855 439099404 252838067 691020908 772037841 751842146 205253019 328599304 826291331 64773496 562473672 196639804 745250015 866505685 607805740 705947741 37655303 96211536 232462158 518070959 786297281 882812619 225566337 990704179 69037475 677257395 775177822 164838204 175659281 399589771 660586273 421758995 983773242 345857733 300603989 574059224 73613116 107944271 479322777 434664477 209338980 603932952 179092666 509241189 89200708 50408829 107156570 32545523 371281396 20616072 972905442 685146228 992493726 853144895 734366453 631012871 462543421 881404745 125841350 83415965 546442024 951202794 193230655 665172911 31719087 993082491 379910284 44715489 808653099 718567633 145366496 404619277 80733700 980118105 193549663 114362010 66484583 388884075 751015678 282791541 168977458 38874521 281945841 260756692 338267430 621806319 144893326 95914047 230874822 980718836 635618120 41755160 721852352 944962265 45394940 949767691 173101604 736038488 615521516 123205551 865663936 556253356 862712119 716572743 196139732 959371401 774015067 771786843 144827138 772611920 146219122 682885887 790863753 485233874 897695277 860480027 792765421 472368216 618081444 928405232 138038228 619874788 882911097 226737546 834271206 258031440 978391926 353422705 842966844 63486679 714147011 305966587 80148097 979410415 943683775 941586623 479087667 506236572 929292112 394815448 29553481 520391472 720867046 727054511 867014544 671884475 391064195 847229135 249099083 418189453 436487211 694164107 898672585 96439775 213405780 533407498 348621823 25896239 203939821 169999513 315452283 623675141 687181740 463369018 241976211 161090799 352076405 931765547 925881985 657726149 997637142 995687446 75278910 96642116 703342082 995463976 831342564 991292914 312332882 49333889 871304767 620787506 786843450 518231897 343301458 303447596 76143379 497750369 637391356 21493425 435078656 117967198 202246740 933170976 295040941 99489342 804023066 267791434 966006872 490916504 522284626 26846008 756685802 754850794 879402383 58501807 191722717 510505129 583236958 189384186 950296397 876151436 78278011 537758715 21549473 235202491 224449410 730727460 462862249 860377411 435100405 184651199 675794513 858098003 289187062 573139961 263279280 725494535 62337478 32565278 144452561 994356407 259174702 622646949 72310497 625157630 183992448 534586918 841473783 915481554 781465961 731725263 171818053 594020716 692991951 47369750 440205262 248365786 412762564 485515966 725364863 615760331 1326623 930668588 130395384 490500310 436993075 598915654 373935708 345652118 913704645 308456823 911045454 492906677 497856649 479736702 53797184 525007923 167672506 532604458 393732494 503017415 112187652 52032862 657472120 20605187 755131826 262470778 130231623 585881868 519975236 40111793 666618281 946574630 719773513 239787011 121971888 609967137 95768138 116366831 530851808 706176370 286692961 354397231 618499674 271625457 708847081 231629953 420655879 19798381 828049269 129900181 766416798 417651302 252051076 460662512 815525265 419616625 576505568 166457503 315197445 864844259 449036504 386455436 970161676 165174995 540466251 411513713 58568441 395854033 342996919 796881436 590607716 348563528 893469844 130547358 585519297 195486698 371559693 614416155 946172475 279190757 210960088 114690232 533213420 177330448 184703006 875228967 832594083 631477206 760472071 539453160 568684327 876622278 931999337 339746492 458896473 178865717 319402295 859032938 896593507 387373483 43101621 268929234 639500519 202051485 736262595 485986432 101826588 220189847 428098086 676948174 59257856 874585275 22183714 795610996 922685949 983313784 234278529 604050733 205314592 753507769 889313803 555167584 636144049 166299989 184399259 252524570 205319691 847246268 710178042 844291203 506020295 554277964 14537569 684158781 454850931 837419852 41836904 579247905 902892107 208757714 362648044 910730434 357961112 52791303 727317338 233605700 253867764 365833009 496507371 627005622 367703926 248290287 935671969 717556916 169658409 349822831 749653680 727026808 599421671 237027112 775257135 525034081 390171930 906459684 90193826 275883079 221959471 199630321 826648456 214863531 589041624 786338610 274819935 62399792 425516056 91468141 77188963 366290899 713281154 194763038 433670160 961166207 327442050 789258703 563144152 233389912 868985803 693653141 303813797 779958482 280198857 136319250 127417708 281091457 906421147 337624555 976551549 917162328 368191034 316514243 520443102 436208377 358357874 567788536 617888629 739229108 398151876 876061360 365099831 97490684 949044086 153180118 473114333 593250440 568510803 804481931 639136142 322409230 792605707 275043056 942994997 137286717 177706427 509231206 325955009 707923814 493404881 448362148 926206278 140483533 134418865 763167432 833347035 172282070 404038921 354608947 94511504 699471636 340295870 799824220 370806839 845990302 933261964 96217357 433736057 115679682 502365516 767375624 783993247 227964029 726494127 162320482 77262975 198798635 915366010 405649259 262203074 300958443 441721454 84368722 997183019 259604346 905252448 381640632 615767954 184126165 417708371 792630378 369448974 196898616 821524283 524592803 516514525 856563121 757544650 369977430 588235689 637574203 286870676 239934875 872270645 983059778 678452644 959921086 311119169 250860683 153194000 406158194 281519285 153626301 899765908 745060618 793562886 447670091 350884280 277814592 323852858 562758529 184075486 66569144 812178308 719500141 343624893 342510781 450459167 636101491 812654163 128302201 353211861 40015462 634761267 403972473 43280867 97269800 5919986 352227223 672895376 380003901 495059507 476451882 118920772 85063469 328351437 667275011 513782695 586639309 46783549 201945443 827338485 432154983 255866977 496785257 586357453 218753431 223060850 394096251 223244957 527011787 773624248 485504365 165595403 525775646 470258313 656895879 832680637 578330530 923835764 34973505 356406065 681736231 78343568 872497709 886230171 773320926 161935789 611566948 180291727 162428407 207564587 206516011 417058629 185809151 742944481 257396757 937496358 150779775 47728481 778734502 74458049 390949242 591012752 337309571 521441690 621679477 977826635 481798191 288124364 857226557 743112115 146424904 411118679 270708539 330091280 558173750 961762818 662697792 789135279 873680464 831959752 841108631 568952490 697790938 442402535 544656774 791436533 390320128 325721909 883327088 583148665 743149524 47494849 454224188 422119847 260757055 445987953 535009744 359142871 342172717 

