40 500
1 25 1395055
10 29 131382983
10 5 123364022
17 15 382212117
11 10 965661256
6 6 0
21 5 106880254
1 7 878219338
10 20 64649853
9 31 466882348
12 21 636924352
22 20 531737282
1 15 506909509
20 11 986994548
14 15 995211856
8 19 646832322
12 17 839805594
30 20 364988561
30 4 258903618
1 39 637765930
22 24 848956689
19 24 325250783
6 3 651117852
1 11 286419640
21 36 916966363
26 4 536481172
20 16 75692636
20 29 323074840
22 14 716387695
14 33 835550322
10 24 431689178
25 25 0
2 30 438598617
8 35 846482697
28 30 466521359
40 36 286682958
33 3 888032255
12 40 137976910
23 34 290258780
14 38 312467772
27 1 933651330
31 9 129820124
22 30 387995027
12 17 957246634
37 39 864309194
17 23 733743952
19 25 708887358
27 36 418890030
17 2 895167706
11 6 61007071
36 20 592183234
39 35 66774600
30 32 913968681
18 12 906172218
36 8 429961756
23 17 573145433
14 26 783398289
16 2 762683064
3 20 802112925
18 28 618261610
3 38 308303066
5 36 434438874
26 40 441851376
24 38 500945504
35 12 361009708
24 5 672277120
40 35 232091879
13 2 399537226
9 28 636145595
19 30 781806924
4 7 917958211
1 35 678718719
19 39 935395289
19 36 935818609
11 36 495682612
6 13 119926036
20 4 488778882
5 40 544655640
14 32 281746542
29 7 528024498
11 29 664364163
5 37 729915006
40 4 490431613
12 38 187071540
7 34 8066013
36 24 641094719
9 33 866640277
3 40 209976193
25 11 411364424
23 18 175300512
27 39 597830622
11 39 196372520
23 14 470099591
9 29 388933323
31 20 619389330
19 1 936465560
29 1 412984638
20 4 883229282
7 13 143466665
29 39 48556527
32 1 862454852
3 24 951282231
32 12 475847427
17 25 380464392
34 22 606662390
3 21 114902489
7 24 178612420
27 2 290280687
2 37 715414511
17 12 857043063
14 9 153787427
30 13 725803969
15 36 278334883
31 4 328292075
14 32 867866428
14 27 897393350
20 36 361451947
18 27 976056339
20 26 927207903
5 1 572419824
26 4 427433260
16 1 201316478
14 1 579165194
40 4 64951264
24 17 123826785
8 5 845969483
32 10 97179122
18 5 984377145
24 24 0
37 31 866454005
18 10 587013671
38 25 439744663
23 14 286498127
31 15 167994632
40 31 506657495
40 11 12031320
10 29 736309083
39 39 0
14 10 409175548
1 12 355687447
22 34 497212832
28 3 30740537
23 3 728551338
5 20 480778382
15 17 9087131
9 36 335812755
14 22 453782035
29 30 411046513
8 3 195511559
33 12 515752773
18 19 669021393
25 6 835489936
24 31 941589854
2 13 994501983
13 24 297302652
24 23 638703951
29 21 248078706
14 18 128609840
24 30 273239883
16 17 730549482
22 21 910933919
13 14 407549255
38 26 130649347
23 8 206367845
17 39 138149455
11 17 539764853
23 38 192720485
13 14 590204545
28 26 813998189
26 1 80926907
8 28 729607112
18 20 373759114
20 36 786109578
16 18 210420016
12 31 725656997
22 5 2132913
30 4 403427570
3 9 422600623
23 3 637239331
40 5 862293052
29 18 226737562
31 25 743679987
40 39 2389563
5 18 969462987
16 8 848475046
32 32 0
34 10 360879405
11 36 35896035
5 35 121530396
34 37 47011015
40 37 904312397
14 13 794935570
15 9 488731488
23 1 100741712
3 9 94500754
7 38 174077682
22 20 361187464
14 32 762096362
19 9 954181059
1 23 162666660
8 5 280991978
15 24 602962352
13 26 563109465
35 3 344870944
12 19 264220911
13 34 350667438
25 9 33467872
32 30 952176649
17 30 549542956
28 25 595126486
7 29 984434831
39 36 644001746
5 26 284207766
40 22 939545507
33 37 318467420
28 9 999881741
32 15 946962028
22 32 115179859
14 30 471239564
30 38 375974572
3 15 690296664
38 18 150044371
13 28 733610316
25 29 767740444
2 34 695589740
26 29 273897133
14 33 436526936
38 3 768561561
7 3 570195536
31 30 205106025
15 8 301421313
20 38 513957179
31 9 385577859
21 17 21757958
22 1 170284782
31 17 928389926
8 12 937196068
30 35 86020127
36 32 885039361
14 31 305568175
25 10 132216437
30 24 219208858
19 17 225752156
10 25 277647479
14 25 826451604
16 14 380149139
24 26 844244247
6 25 348215454
9 7 174453260
7 13 592245368
28 36 712749024
12 18 66985484
6 25 720175621
30 10 589382691
31 36 516384230
38 2 142538128
13 9 271012157
35 1 63026147
33 5 331961908
37 7 428851542
26 10 881365585
31 32 469185769
20 27 240231266
15 10 239533239
39 31 737440825
33 28 321486377
1 13 556765644
5 38 865286598
32 40 495293969
13 29 953554437
40 29 824233430
32 40 455806071
1 11 732169986
25 28 170870342
16 28 56612746
37 18 981186214
25 7 926770077
18 8 394132282
11 18 742835839
34 35 360411302
31 38 20576585
6 26 10862356
15 33 434875140
36 30 667952885
24 18 810753834
31 4 325816188
15 16 877772344
33 30 259623546
24 38 234623308
16 38 734019620
34 7 420522727
2 12 407231185
1 3 26016699
9 27 205110335
17 5 406836243
19 15 203287226
5 28 827361102
27 6 25365611
3 27 815102436
29 15 968501430
28 32 442381706
11 11 0
11 9 312223614
1 35 262751368
15 19 652091945
13 36 105539222
36 28 637630932
22 17 120391919
36 22 12884090
7 10 723548475
3 4 658359270
30 39 41798192
22 29 555797164
21 10 704893585
20 18 276945088
7 8 135836300
10 19 163733144
8 1 980123509
21 17 968885541
11 22 652945941
27 24 671188634
6 40 455869539
7 12 806815916
26 1 122065496
37 31 110909846
12 6 235599867
33 23 315683253
3 25 898167484
31 4 203256412
32 30 787699139
12 30 344365028
20 26 967744630
14 30 549149554
18 14 135580821
21 36 802875500
2 23 815097136
18 15 553538516
3 27 391129871
25 32 222966544
24 29 131779851
8 22 835452926
19 12 610242757
24 33 330206760
19 30 506602839
20 32 934466294
32 20 565308842
27 13 283763787
38 14 594986676
26 17 603931067
19 15 911693117
21 24 817985732
12 32 32672438
19 30 600949319
27 23 430497315
32 37 400078769
16 31 820599336
1 33 800936576
27 14 560685224
19 31 951452518
37 31 726440288
13 29 260388545
40 18 798064303
12 39 268212635
8 24 335093489
28 35 207726865
25 3 86566987
12 12 0
8 21 737018651
7 9 2789141
38 39 612674703
13 17 664093589
32 7 409236521
16 10 373216469
26 17 729322777
3 35 902045757
5 22 32607405
19 32 216862453
6 29 392601574
23 6 771361931
31 34 321684611
31 29 45345145
39 33 965667282
24 9 4883794
17 30 804250320
22 40 912582242
2 4 812186943
14 34 591652553
15 26 747127329
35 22 460698118
36 31 442699286
36 15 637112323
28 1 921714912
27 39 737331231
35 29 776826790
8 22 491895704
18 32 983462781
26 38 627412185
9 14 408430683
5 33 935124796
20 2 564809437
39 9 931801084
35 30 240617409
29 36 860677725
33 25 862836567
29 2 173308578
5 16 98397284
8 39 770897255
17 17 0
4 33 108322661
12 4 440382906
16 8 248603583
30 24 227089385
15 15 0
31 29 603589233
7 9 516960978
28 16 301822718
37 33 972763814
9 17 623794219
2 23 977825315
8 32 544918323
39 31 87561934
30 26 888304452
32 3 107684653
1 24 55419487
18 33 856181558
35 7 459628846
6 40 626566239
4 18 361832930
19 19 0
17 3 154026448
2 27 68373263
9 3 842229337
12 10 219103189
35 14 100571035
33 18 894574437
25 3 707948878
28 32 660641663
18 7 484470880
2 21 860862638
18 26 312959258
40 18 51713486
38 8 527371098
25 28 53921279
2 17 854649811
31 37 810298329
12 21 853822818
35 19 415816853
20 7 284354938
39 29 90606439
9 33 235785571
35 31 759282653
9 19 171696859
12 8 963927548
39 17 576360416
28 9 613214705
31 25 550145836
38 32 501675418
6 21 877299341
13 37 356552413
36 16 934557572
12 36 965722612
5 9 786273482
39 14 938993461
16 40 565513413
32 10 573616846
2 18 68178513
35 20 931562780
19 18 677533546
2 4 663044792
40 25 906203322
12 32 611329715
33 20 377782465
24 34 622109512
31 8 544873180
12 27 137379473
32 18 748722137
37 20 705762573
20 26 193129852
14 37 351359368
22 12 120637610
25 9 274753261
34 23 427677664
32 31 97611625
36 34 168829294
36 22 153934920
3 28 921521823
21 18 576952961
1 10 605906823
17 1 959581521
15 16 883800917
7 1 411434761
30 3 471753263
34 16 306904706
17 32 19418495
35 26 344817075
27 23 955134244
33 10 469328819
2 6 640340710
23 1 761308270
27 29 943133852
